$basis
*
ag   DZP-DKH
*
    8  s
 3713780.93731371            0.0024938        
 693919.36932121             0.0043126        
 325428.41692311             0.0055181        
 108507.37924419             0.0186926        
  35632.30853931             0.0440244        
  12903.57882805             0.0994490        
   4831.40008671             0.2481730        
   1845.61768816             0.5773361        
    2  s
    718.00322237             0.5087023        
    286.99682342             0.4912976        
    2  s
     50.29630614            -0.6818216        
     22.61657703            -0.3181783        
    2  s
      8.20344403            -0.7379494        
      3.65648408            -0.2620505        
    2  s
      1.37917434             0.8020944        
      0.52675923             0.1979055        
    1  s
    114.05973484             1.0000000        
    1  s
      0.08007237             1.0000000        
    1  s
      0.02788400             1.0000000        
    7  p
  28319.42450268             0.0008777        
   6655.02505642             0.0032150        
   2437.30247442             0.0097624        
   1009.97998425             0.0366993        
    405.00663336             0.1259151        
    170.15095307             0.3307812        
     75.26381551             0.4927490        
    2  p
     14.61985357            -0.4437416        
      6.53591414            -0.5562583        
    3  p
      2.56909194             0.3592165        
      1.11621078             0.5111821        
      0.43332979             0.1296013        
    1  p
     34.26698056             1.0000000        
    1  p
      0.1449000              1.0000000        
    1  p
      0.0366000              1.0000000        
    6  d
    604.1875346              0.0034887        
    153.74364114             0.0341209        
     53.05008732             0.1505845        
     20.66218462             0.3455685        
      8.30213463             0.3713745        
      3.17178204             0.0948627        
    1  d
      1.14701380             1.0000000        
    1  d
      0.33944361             1.0000000        
    1  f
      1.0994630              1.0000000        
*
ag   TZP-DKH
*
    8  s
 1933354.71623145            0.0033552        
 536064.92908719             0.0024289        
 227745.82777993             0.0089412        
  70738.0839886              0.0219643        
  24468.60698416             0.0485796        
   9167.05804827             0.1143161        
   3635.32447897             0.2499682        
   1492.62500635             0.5504461        
    2  s
    626.65952764             0.4996391        
    266.57312695             0.5003608        
    2  s
    106.49653275             0.1493174        
     50.52183839             0.8506825        
    3  s
      1.71462919            -0.5908653        
      0.70605746            -0.3832632        
      0.25784432            -0.0258713        
    1  s
     23.723095344            1.0000000        
    1  s
      9.027326686            1.0000000        
    1  s
      4.278042393            1.0000000        
    1  s
      0.134801578            1.0000000        
    1  s
      0.049271649            1.0000000        
    8  p
  17107.14875879             0.0011163        
   4870.38717713             0.0026307        
   2407.14630353             0.0062555        
    987.06309402             0.0295825        
    403.4512993              0.0869273        
    177.6722448              0.2306464        
     82.25130933             0.3193207        
     39.08224515             0.3235202        
    3  p
     17.88736306             0.3291356        
      8.46721316             0.4553798        
      4.00665757             0.2154844        
    1  p
      1.897563027            1.0000000        
    1  p
      0.821877632            1.0000000        
    1  p
      0.303735793            1.0000000        
    1  p
      0.0378678965           1.0000000        
    1  p
      0.11473394825          1.0000000        
    6  d
    501.38374011             0.0044643        
    151.39472455             0.0321099        
     57.55181846             0.1260024        
     24.3613549              0.2879741        
     10.69647954             0.3655614        
      4.74500932             0.1838877        
    1  d
      1.937273588            1.0000000        
    1  d
      0.729748582            1.0000000        
    1  d
      0.237169881            1.0000000        
    1  f
      2.0294120              1.0000000        
    1  f
      0.6141945              1.0000000        
    1  g
      1.6451630              1.0000000        
*
$end
