$basis
*
al   DZP-DKH
*
    5  s
  46957.58327979             0.0029538        
   7131.42935571             0.0133893        
   1639.24405227             0.0592091        
    461.98153874             0.2279726        
    147.56803267             0.6964749        
    2  s
      2.65572629             0.5613403        
      1.0279427              0.4386596        
    1  s
     51.68864162             1.0000000        
    1  s
     19.3185704              1.0000000        
    1  s
      6.48439779             1.0000000        
    1  s
      0.15930849             1.0000000        
    1  s
      0.06434819             1.0000000        
    6  p
    371.91997268             0.0021090        
     86.61876761             0.0163603        
     26.95939792             0.0755811        
      9.7190181              0.2157074        
      3.76228615             0.3617888        
      1.50816965             0.3284530        
    1  p
      0.60713936             1.0000000        
    1  p
      0.19343206             1.0000000        
    1  p
      0.05818341             1.0000000        
    1  d
      0.20240321             1.0000000        
*
al   TZP-DKH
*
    5  s
  57132.22963598             0.0039425        
   9063.64438492             0.0162796        
   2263.95575717             0.0610214        
    692.94898317             0.2215511        
    231.00443137             0.6972052        
    2  s
      4.03213935             0.3907058        
      1.64510071             0.6092941        
    1  s
     83.58006097             1.0000000        
    1  s
     32.02815603             1.0000000        
    1  s
     12.5667152              1.0000000        
    1  s
      0.73792944             1.0000000        
    1  s
      0.21471657             1.0000000        
    1  s
      0.07346639             1.0000000        
    6  p
    531.61492956             0.0013248        
    126.26091718             0.0102187        
     39.68444153             0.0508284        
     14.23986945             0.1700874        
      5.53289991             0.3486830        
      2.24017199             0.4188574        
    1  p
      0.9296326              1.0000000        
    1  p
      0.32905366             1.0000000        
    1  p
      0.12452688             1.0000000        
    1  p
      0.04497926             1.0000000        
    1  d
      0.33354002             1.0000000        
    1  d
      0.1191200              1.0000000        
    1  f
      0.2799440              1.0000000        
*
$end
