$basis
*
ar   DZP-DKH
*
    5  s
 138627.59405679             0.0039027        
  21212.2189319              0.0146910        
   4867.08226473             0.0570486        
   1348.69501423             0.2169018        
    421.63085976             0.7074557        
    2  s
     55.71724761             0.6993915        
     22.88371461             0.3006084        
    1  s
    146.12790137             1.0000000        
    1  s
      7.31344988             1.0000000        
    1  s
      2.89776121             1.0000000        
    1  s
      0.68299546             1.0000000        
    1  s
      0.24193412             1.0000000        
    6  p
    942.67742464             0.0016663        
    219.63986953             0.0127732        
     68.42876014             0.0630314        
     24.55728205             0.2018355        
      9.43530598             0.3829579        
      3.73443328             0.3377354        
    1  p
      1.30151971             1.0000000        
    1  p
      0.49356584             1.0000000        
    1  p
      0.16428157             1.0000000        
    1  d
      0.71707157             1.0000000        
*
ar   TZP-DKH
*
    5  s
 163430.88636138             0.0055979        
  24462.98316426             0.0210633        
   5847.3915545              0.0713189        
   1838.33954786             0.2210048        
    646.47797239             0.6810149        
    2  s
    233.37419769             0.3557513        
     87.35339236             0.6442486        
    1  s
     35.25747909             1.0000000        
    1  s
     14.90945611             1.0000000        
    1  s
      5.16577808             1.0000000        
    1  s
      2.13251221             1.0000000        
    1  s
      0.66446873             1.0000000        
    1  s
      0.23088302             1.0000000        
    6  p
   1434.65644528             0.0010121        
    344.67516841             0.0071471        
    111.24392588             0.0365960        
     39.84545454             0.1410979        
     15.22684292             0.3487092        
      6.12548056             0.4654374        
    1  p
      2.61266778             1.0000000        
    1  p
      1.09059943             1.0000000        
    1  p
      0.40193082             1.0000000        
    1  p
      0.14113163             1.0000000        
    1  d
      0.3931550              1.0000000        
    1  d
      1.1910940              1.0000000        
    1  f
      0.90998994             1.0000000        
*
$end
