$basis
*
as   DZP-DKH
*
    6  s
 1029997.20547216            0.0031757        
 156438.88003412             0.0094708        
  36755.77538087             0.0273998        
  10502.1169947              0.0799032        
   3349.89175211             0.2368137        
   1158.44597084             0.6432364        
    2  s
    173.9347473             -0.7406870        
     74.36392944            -0.2593129        
    2  s
      3.88935992            -0.4929426        
      1.62509534            -0.5070573        
    1  s
    432.4845362              1.0000000        
    1  s
     28.51231096             1.0000000        
    1  s
     12.37029703             1.0000000        
    1  s
      0.30041106             1.0000000        
    1  s
      0.12797089             1.0000000        
    5  p
   6124.05008032             0.0024929        
   1440.86559375             0.0143287        
    457.19417962             0.0711403        
    168.09304172             0.2585864        
     67.84567362             0.6534516        
    3  p
      5.42841765             0.4090160        
      2.28268099             0.4710004        
      0.93339038             0.1199835        
    1  p
     29.12154463             1.0000000        
    1  p
     13.00608164             1.0000000        
    1  p
      0.43346024             1.0000000        
    1  p
      0.12651886             1.0000000        
    4  d
     81.15476975             0.0260018        
     23.27490232             0.1438198        
      8.10185523             0.3638918        
      2.88525653             0.4662865        
    1  d
      0.95168913             1.0000000        
    1  f
      4.82609999             1.0000000        
*
as   TZP-DKH
*
    6  s
 1620090.77430984            0.0047756        
 253883.03785313             0.0134386        
  61960.80113637             0.0354076        
  19301.82545774             0.0864659        
   6845.06109429             0.2232122        
   2489.5656297              0.6366999        
    2  s
    907.78913473             0.3415429        
    340.9711903              0.6584570        
    2  s
     22.04553688            -0.6152288        
     10.1678734             -0.3847711        
    1  s
    133.08269345             1.0000000        
    1  s
     45.43145026             1.0000000        
    1  s
      3.56034848             1.0000000        
    1  s
      1.49612889             1.0000000        
    1  s
      0.31147788             1.0000000        
    1  s
      0.11481262             1.0000000        
    7  p
   8404.77216574             0.0007275        
   2145.26430812             0.0032539        
    763.94406154             0.0134550        
    297.03453437             0.0534313        
    118.37967159             0.1742491        
     49.00745021             0.3689066        
     21.13109555             0.3859765        
    2  p
      3.97055501            -0.5796589        
      1.69738079            -0.4203410        
    1  p
      9.03213766             1.0000000        
    1  p
      0.61430936             1.0000000        
    1  p
      0.23723063             1.0000000        
    1  p
      0.08411413             1.0000000        
    4  d
    133.38455994             0.0147019        
     38.87139406             0.0970492        
     13.94346919             0.3215601        
      5.40455892             0.5666887        
    1  d
      2.07293388             1.0000000        
    1  d
      0.73614276             1.0000000        
    1  f
      8.9493600              1.0000000        
    1  f
      2.45826995             1.0000000        
    1  g
      6.66377991             1.0000000        
*
$end
