$basis
*
b   DZP-DKH
*
    5  s
   3361.97459803             0.0020592        
    514.78214513             0.0139994        
    116.96106791             0.0709334        
     32.34846054             0.2652018        
     10.25182884             0.6478059        
    2  s
      3.65314741             0.7248319        
      1.43768047             0.2751680        
    1  s
      0.33137807             1.0000000        
    1  s
      0.10568808             1.0000000        
    4  p
     12.21701756             0.0149932        
      2.64732563             0.0909351        
      0.75597293             0.3211408        
      0.24111637             0.5729308        
    1  p
      0.08058449             1.0000000        
    1  d
      0.39184349             1.0000000        
*
b   TZP-DKH
*
    6  s
   5171.25825998             0.0008902        
    778.83149226             0.0059423        
    178.45473206             0.0294916        
     50.95595606             0.1105178        
     16.6676643              0.3087981        
      5.92018415             0.5443598        
    1  s
      2.39787337             1.0000000        
    1  s
      1.30416407             1.0000000        
    1  s
      0.2896449              1.0000000        
    1  s
      0.09686921             1.0000000        
    4  p
     22.07752591             0.0109506        
      5.01632409             0.0686799        
      1.47464931             0.2872442        
      0.50293562             0.6331250        
    1  p
      0.22030809             1.0000000        
    1  p
      0.08549193             1.0000000        
    1  d
      0.7077700              1.0000000        
    1  d
      0.2269140              1.0000000        
    1  f
      0.5324040              1.0000000        
*
$end
