$basis
*
be   DZP-DKH
*
    5  s
   2155.37917119             0.0019333        
    320.28940827             0.0141980        
     71.05837415             0.0735970        
     19.48182345             0.2717060        
      6.17741048             0.6385655        
    2  s
      2.20597092             0.7492868        
      0.86172687             0.2814012        
    1  s
      0.17377808             1.0000000        
    1  s
      0.06285384             1.0000000        
    4  p
      7.33478268             0.0129164        
      1.55456555             0.0751779        
      0.43041802             0.2950056        
      0.1430149              0.6169000        
    1  p
      0.05065485             1.0000000        
    1  d
      0.18014085             1.0000000        
*
be   TZP-DKH
*
    6  s
   3912.17914788             0.0007855        
    590.27129138             0.0053852        
    134.84517744             0.0272129        
     38.15635575             0.1050641        
     12.3976811              0.3003659        
      4.44266338             0.5611862        
    1  s
      1.75805118             1.0000000        
    1  s
      0.75189041             1.0000000        
    1  s
      0.17692111             1.0000000        
    1  s
      0.06330857             1.0000000        
    4  p
     13.52944849             0.0095351        
      3.05170146             0.0586074        
      0.86972775             0.2377129        
      0.29380258             0.6941444        
    1  p
      0.11221497             1.0000000        
    1  p
      0.04375479             1.0000000        
    1  d
      0.1085183              1.0000000        
    1  d
      0.3926000              1.0000000        
    1  f
      0.2920900              1.0000000        
*
$end
