$basis
*
br   DZP-DKH
*
    6  s
 1051997.6346165             0.0034949        
 160557.00375084             0.0102219        
  38450.98592697             0.0287052        
  11148.85226025             0.0819499        
   3587.74099199             0.2382526        
   1245.06968323             0.6373753        
    2  s
    186.63699074             0.7678281        
     78.96784246             0.2321718        
    2  s
      4.56722273             0.4866736        
      1.97688079             0.5133263        
    1  s
    465.06497818             1.0000000        
    1  s
     31.76088542             1.0000000        
    1  s
     13.94753429             1.0000000        
    1  s
      0.42262863             1.0000000        
    1  s
      0.17741713             1.0000000        
    5  p
   6378.0405112              0.0025895        
   1492.18000867             0.0149634        
    467.96186092             0.0742188        
    170.05324693             0.2692805        
     68.05309742             0.6389476        
    3  p
      5.48298454            -0.4859414        
      2.30791553            -0.4385329        
      0.81091536            -0.0755255        
    1  p
     29.07098077             1.0000000        
    1  p
     12.82538078             1.0000000        
    1  p
      0.5611737              1.0000000        
    1  p
      0.16242487             1.0000000        
    4  d
    107.39232903             0.0221190        
     30.97428393             0.1300352        
     10.87211425             0.3573003        
      3.94049349             0.4905453        
    1  d
      1.33800926             1.0000000        
    1  f
      6.14739999             1.0000000        
*
br   TZP-DKH
*
    7  s
 1891721.28453019            0.0019998        
 299876.69022932             0.0055058        
  73577.47723328             0.0143340        
  22821.38425143             0.0343970        
   8196.66148892             0.0844542        
   3042.20569848             0.2335931        
   1114.04711267             0.6257158        
    2  s
     27.88308617            -0.5952086        
     12.56697986            -0.4047913        
    1  s
    416.79690877             1.0000000        
    1  s
    162.83699705             1.0000000        
    1  s
     60.95282138             1.0000000        
    1  s
      4.29335357             1.0000000        
    1  s
      1.86285469             1.0000000        
    1  s
      0.43306174             1.0000000        
    1  s
      0.1612887              1.0000000        
    7  p
   9319.75302208             0.0007979        
   2376.91773965             0.0034677        
    850.05093709             0.0139712        
    333.27682069             0.0543097        
    133.67709985             0.1755638        
     55.61145698             0.3693407        
     24.09110501             0.3825488        
    2  p
      4.59144998            -0.5931901        
      2.01522298            -0.4068098        
    1  p
     10.32325402             1.0000000        
    1  p
      0.74175022             1.0000000        
    1  p
      0.29419421             1.0000000        
    1  p
      0.10541093             1.0000000        
    4  d
    168.94701922             0.0133602        
     49.42559982             0.0911855        
     17.8625704              0.3148117        
      7.02094166             0.5806425        
    1  d
      2.76152556             1.0000000        
    1  d
      1.0146000              1.0000000        
    1  f
     10.92125998             1.0000000        
    1  f
      3.0839599              1.0000000        
    1  g
      8.36545878             1.0000000        
*
$end
