$basis
*
c   DZP-DKH
*
    5  s
   4949.46032594             0.0021254        
    758.82582124             0.0138797        
    172.62336223             0.0699682        
     47.77742113             0.2630053        
     15.15140603             0.6510212        
    2  s
      5.39400345             0.7300080        
      2.11083628             0.2699919        
    1  s
      0.52460137             1.0000000        
    1  s
      0.15964728             1.0000000        
    4  p
     18.97219923             0.0156205        
      4.18721595             0.0966388        
      1.21388239             0.3264242        
      0.38698643             0.5613164        
    1  p
      0.12406489             1.0000000        
    1  d
      0.61467289             1.0000000        
*
c   TZP-DKH
*
    5  s
   7615.0599911              0.0020534        
   1145.08684615             0.0130533        
    261.91952431             0.0643852        
     74.66834196             0.2434904        
     24.40551202             0.6770175        
    2  s
      8.68679013             0.5654885        
      3.23657623             0.4345114        
    1  s
      1.30179999             1.0000000        
    1  s
      0.52768873             1.0000000        
    1  s
      0.15694534             1.0000000        
    4  p
     34.50767936             0.0105595        
      7.91304441             0.0694749        
      2.36615458             0.2809656        
      0.81172425             0.6389997        
    1  p
      0.31228882             1.0000000        
    1  p
      0.11400266             1.0000000        
    1  d
      1.1540490              1.0000000        
    1  d
      0.3511286              1.0000000        
    1  f
      0.8193120              1.0000000        
*
$end
