$basis
*
ca   DZP-DKH
*
    6  s
 342873.48752706             0.0017090        
  51476.52750581             0.0058614        
  11677.47597575             0.0203949        
   3249.0785960              0.0714859        
   1023.59401338             0.2363043        
    353.94550955             0.6642443        
    2  s
    132.58158776             0.4876099        
     53.05210998             0.5123900        
    2  s
      1.0075480             -0.4904541        
      0.4137819             -0.5095458        
    1  s
     21.64836098             1.0000000        
    1  s
      8.67787856             1.0000000        
    1  s
      3.66171887             1.0000000        
    1  s
      0.06314221             1.0000000        
    1  s
      0.03464264             1.0000000        
    7  p
   2005.15067761             0.0007566        
    476.97128318             0.0052806        
    154.07909113             0.0263887        
     57.6177515              0.0953810        
     23.4155108              0.2390640        
      9.90679919             0.3715640        
      4.29506216             0.2615648        
    1  p
      1.66830198             1.0000000        
    1  p
      0.67645751             1.0000000        
    1  p
      0.30054753             1.0000000        
    1  p
      0.11678902             1.0000000        
    1  p
      0.0521960              1.0000000        
    1  d
      0.1020280              1.0000000        
*
ca   TZP-DKH
*
    7  s
 502156.43635907             0.0009455        
  77161.57170187             0.0030344        
  18494.2633657              0.0091438        
   5704.10665829             0.0263247        
   1983.41527239             0.0801815        
    709.03282348             0.2467734        
    260.34379921             0.6335963        
    2  s
      5.6374806              0.7272656        
      2.61572246             0.2727343        
    1  s
    100.13007953             1.0000000        
    1  s
     39.92937639             1.0000000        
    1  s
     12.24168235             1.0000000        
    1  s
      0.9133347              1.0000000        
    1  s
      0.37450407             1.0000000        
    1  s
      0.06817094             1.0000000        
    1  s
      0.02739488             1.0000000        
    7  p
   3357.47196305             0.0004275        
    824.07694278             0.0025992        
    283.71829232             0.0118579        
    111.35681721             0.0462027        
     45.58875729             0.1486961        
     19.24822394             0.3354278        
      8.34838921             0.4547885        
    2  p
      0.61370115             0.7256417        
      0.24079998             0.2743582        
    1  p
      3.71552342             1.0000000        
    1  p
      1.4938680              1.0000000        
    1  p
      0.0660000              1.0000000        
    1  p
      0.0235000              1.0000000        
    1  d
      3.4694000              1.0000000        
    1  d
      0.7173000              1.0000000        
    1  d
      0.15552959             1.0000000        
    1  d
      0.07339198             1.0000000        
    1  f
      0.12801489             1.0000000        
*
$end
