$basis
*
cd   DZP-DKH
*
    8  s
 3155085.06499701            0.0025660        
 660772.13404554             0.0041540        
 238881.52916262             0.0089810        
  72735.34368029             0.0239368        
  25634.5200725              0.0485230        
  10770.27869179             0.0932764        
   4342.40753979             0.2492463        
   1666.21187517             0.5693160        
    2  s
    658.00203774            -0.5386375        
    267.56312988            -0.4613624        
    2  s
     43.01025151             0.8154785        
     18.37219288             0.1845214        
    2  s
      7.96434968            -0.7578008        
      3.25845033            -0.2421991        
    2  s
      1.5035075              0.0000001        
      0.46229911             0.9999998        
    1  s
     93.94102375             1.0000000        
    1  s
      0.35164902             1.0000000        
    1  s
      0.06345509             1.0000000        
    7  p
  21673.06753263             0.0011747        
   5265.80274347             0.0043973        
   1866.01888067             0.0152564        
    780.79150255             0.0480212        
    342.85791348             0.1414969        
    151.41508768             0.3397870        
     68.90567073             0.4498663        
    2  p
     14.22473306            -0.4878582        
      6.63269547            -0.5121417        
    3  p
      2.89148336             0.3356507        
      1.32796742             0.5026472        
      0.54612318             0.1617020        
    1  p
     32.29473415             1.0000000        
    1  p
      0.0502000              1.0000000        
    1  p
      0.3350000              1.0000000        
    6  d
    391.08708949             0.0080383        
    116.5605861              0.0550752        
     43.34170961             0.1965345        
     17.62374763             0.3687594        
      7.39389667             0.3161038        
      2.79634646             0.0554886        
    1  d
      1.05431969             1.0000000        
    1  d
      0.34517249             1.0000000        
    1  f
      1.1178000              1.0000000        
*
cd   TZP-DKH
*
    8  s
 1834021.92579924            0.0035530        
 652410.43801176             0.0024044        
 196643.0615513              0.0121819        
  63597.00173147             0.0223564        
  24337.09722019             0.0485083        
   9430.01801269             0.1165013        
   3764.73199508             0.2484643        
   1567.57846796             0.5460300        
    2  s
    669.38931131             0.4768387        
    289.98198577             0.5231612        
    2  s
    123.42165225             0.1223493        
     55.41579028             0.8776506        
    2  s
     10.53824976             0.5236332        
      5.31683159             0.4763667        
    2  s
      0.84131615             0.9044513        
      0.32181639             0.0955486        
    1  s
     25.639845178            1.0000000        
    1  s
      1.656184464            1.0000000        
    1  s
      0.143785579            1.0000000        
    1  s
      0.048680186            1.0000000        
    8  p
  16100.53857339             0.0013240        
   4077.29416292             0.0047442        
   1614.88216847             0.0122876        
    812.08030493             0.0307871        
    387.27877157             0.0904207        
    177.30036287             0.2341066        
     82.15098134             0.3391090        
     38.99429381             0.2872205        
    2  p
     17.91083388            -0.4490489        
      8.50995214            -0.5509510        
    2  p
      2.00420251            -0.5985369        
      0.99929049            -0.4014630        
    1  p
      4.034099663            1.0000000        
    1  p
      0.445731316            1.0000000        
    1  p
      0.044865658            1.0000000        
    1  p
      0.135521729            1.0000000        
    6  d
    544.07627462             0.0042264        
    166.73289641             0.0297655        
     63.98453489             0.1181401        
     27.18632693             0.2804478        
     11.97031829             0.3691926        
      5.37228106             0.1982274        
    1  d
      2.204454399            1.0000000        
    1  d
      0.849288912            1.0000000        
    1  d
      0.290103685            1.0000000        
    1  f
      2.2673870              1.0000000        
    1  f
      0.6891800              1.0000000        
    1  g
      1.8094000              1.0000000        
*
$end
