$basis
*
cl   DZP-DKH
*
    5  s
 123346.03036366             0.0036765        
  18844.37101427             0.0141306        
   4312.76103972             0.0560856        
   1191.77811092             0.2163092        
    371.56406092             0.7097979        
    2  s
     48.83240417             0.7060529        
     19.99833925             0.2939470        
    1  s
    128.42562800             1.0000000        
    1  s
      6.35517331             1.0000000        
    1  s
      2.48786095             1.0000000        
    1  s
      0.56465027             1.0000000        
    1  s
      0.20202039             1.0000000        
    6  p
    815.2596751              0.0016758        
    191.38682651             0.0127597        
     59.88017268             0.0625648        
     21.46131474             0.2003177        
      8.1942300              0.3810675        
      3.20715125             0.3416142        
    1  p
      1.10810134             1.0000000        
    1  p
      0.4232917              1.0000000        
    1  p
      0.13969455             1.0000000        
    1  d
      0.58736175             1.0000000        
*
cl   TZP-DKH
*
    5  s
 181678.82698244             0.0042914        
  27435.27709666             0.0160338        
   6322.37997866             0.0586975        
   1795.44303926             0.2141558        
    575.0790025              0.7068212        
    2  s
      4.08968894            -0.6325784        
      1.84597271            -0.3674215        
    1  s
    201.17812871             1.0000000        
    1  s
     74.61037542             1.0000000        
    1  s
     28.63265512             1.0000000        
    1  s
      8.23556833             1.0000000        
    1  s
      0.54888997             1.0000000        
    1  s
      0.19788882             1.0000000        
    6  p
    859.87676601             0.0016621        
    218.96050941             0.0109967        
     72.36853323             0.0519914        
     26.91710141             0.1711570        
     10.77497489             0.3550123        
      4.5232396              0.4091802        
    1  p
      1.9871673              1.0000000        
    1  p
      0.90649824             1.0000000        
    1  p
      0.33862386             1.0000000        
    1  p
      0.1192500              1.0000000        
    1  d
      0.32573949             1.0000000        
    1  d
      0.9751542              1.0000000        
    1  f
      0.72996999             1.0000000        
*
cl   QZP-DKH
*
    5  s
 348885.0892878              0.0061154        
  51762.31967392             0.0217299        
  11985.50127725             0.0709215        
   3621.61633403             0.2172184        
   1250.4688675              0.6840145        
    2  s
    446.07229006             0.2898061        
    164.50216681             0.7101938        
    1  s
     64.59549732             1.0000000        
    1  s
     26.32972522             1.0000000        
    1  s
      7.99425281             1.0000000        
    1  s
      3.53388994             1.0000000        
    1  s
      1.53242757             1.0000000        
    1  s
      0.52713802             1.0000000        
    1  s
      0.18659624             1.0000000        
    6  p
   1960.85895168             0.0007196        
    481.90436441             0.0047770        
    160.82751993             0.0239420        
     59.67490074             0.0979536        
     23.39844061             0.2982288        
      9.57633625             0.5743786        
    1  p
      4.07948443             1.0000000        
    1  p
      1.7869803              1.0000000        
    1  p
      0.70946527             1.0000000        
    1  p
      0.28222949             1.0000000        
    1  p
      0.1060451              1.0000000        
    1  d
      0.25192866             1.0000000        
    1  d
      1.34771833             1.0000000        
    1  d
      0.60989786             1.0000000        
    1  f
      0.4411500              1.0000000        
    1  f
      1.0879700              1.0000000        
    1  g
      0.8800600              1.0000000        
*
$end
