$basis
*
co   DZP-DKH
*
    6  s
 448380.14006766             0.0027736        
  69769.92223548             0.0086454        
  16844.17376055             0.0260485        
   5083.02833312             0.0781745        
   1712.78359629             0.2305937        
    604.73519235             0.6537640        
    2  s
     24.66582741             0.2678466        
     11.06275352             0.7321533        
    2  s
      1.6965260             -0.7806867        
      0.68193543            -0.2193132        
    1  s
    221.13353432             1.0000000        
    1  s
     83.54464808             1.0000000        
    1  s
      4.45475532             1.0000000        
    1  s
      0.31047897             1.0000000        
    1  s
      0.09113816             1.0000000        
    4  p
   2828.45930124             0.0092075        
    712.48572115             0.0513007        
    252.59084804             0.2132798        
    100.02717572             0.7262118        
    2  p
     41.13209676             0.4088234        
     16.99657041             0.5911765        
    3  p
      2.48622373             0.6807771        
      1.31214794            -0.1468936        
      1.0043108              0.1723291        
    1  p
      7.10134495             1.0000000        
    1  p
      0.64860598             1.0000000        
    1  p
      0.1777710              1.0000000        
    4  d
     42.58404959             0.0280991        
     11.8281787              0.1484279        
      3.96375702             0.3620542        
      1.32459918             0.4614186        
    1  d
      0.39003636             1.0000000        
    1  f
      2.01884004             1.0000000        
*
co   TZP-DKH
*
    6  s
 515660.56296198             0.0029128        
  79136.68588209             0.0090894        
  18893.17807046             0.0276621        
   5666.9486778              0.0807736        
   1915.33483556             0.2395775        
    692.58658589             0.6399843        
    2  s
    108.30104845             0.7568945        
     46.24415274             0.2431054        
    2  s
      2.49666399             0.6190117        
      1.04782429             0.3809882        
    1  s
    265.6946591              1.0000000        
    1  s
     18.13712769             1.0000000        
    1  s
      7.85291973             1.0000000        
    1  s
      0.92129386             1.0000000        
    1  s
      0.20269592             1.0000000        
    1  s
      0.05000013             1.0000000        
    5  p
   5153.06513449             0.0024145        
   1263.81410825             0.0146260        
    426.49003119             0.0631535        
    165.78016797             0.2395904        
     69.31151396             0.6802154        
    2  p
     30.26348395             0.4838781        
     13.63305677             0.5161218        
    3  p
      2.7557468              0.4611668        
      1.18735239             0.4207376        
      0.47816165             0.1180955        
    1  p
      6.17761123             1.0000000        
    1  p
      0.31340765             1.0000000        
    1  p
      0.12716165             1.0000000        
    4  d
     63.6666883              0.0191282        
     18.56102053             0.1103792        
      6.63913369             0.3284895        
      2.5331891              0.5420029        
    1  d
      0.93187834             1.0000000        
    1  d
      0.30592586             1.0000000        
    1  f
      3.93382585             1.0000000        
    1  f
      0.96271584             1.0000000        
    1  g
      2.4421237              1.0000000        
*
$end
