$basis
*
cr   DZP-DKH
*
    6  s
 295305.79172778             0.0024458        
  45679.13454205             0.0080320        
  10927.77119576             0.0260534        
   3260.3423877              0.0819592        
   1096.27407065             0.2479509        
    396.52413555             0.6335584        
    2  s
      9.21553258             0.6964035        
      4.28774028             0.3035964        
    2  s
      1.53482137             0.5863670        
      0.60335602             0.4136329        
    1  s
    152.09728223             1.0000000        
    1  s
     60.69377179             1.0000000        
    1  s
     19.41838279             1.0000000        
    1  s
      0.08677936             1.0000000        
    1  s
      0.03934524             1.0000000        
    4  p
   2391.08612048             0.0066538        
    569.41244296             0.0446559        
    184.0208108              0.2159450        
     69.20892323             0.7327452        
    2  p
     28.47161846             0.4392797        
     12.37007797             0.5607202        
    3  p
      2.32929193             0.5215330        
      0.96054612             0.3663361        
      0.37038137             0.1121308        
    1  p
      5.56401765             1.0000000        
    1  p
      2.2406260              1.0000000        
    1  p
      0.1991350              1.0000000        
    4  d
     27.28337622             0.0301599        
      7.39588097             0.1523059        
      2.41167687             0.3586872        
      0.77550288             0.4588469        
    1  d
      0.21510596             1.0000000        
    1  f
      1.1958954              1.0000000        
*
cr   TZP-DKH
*
    5  s
 371840.83425175            -0.0096352        
  57760.41387925            -0.0294735        
  14203.9954176             -0.0883625        
   4651.38191013            -0.2289678        
   1742.02500652            -0.6435607        
    2  s
    653.32356524             0.3137038        
    249.17881444             0.6862961        
    2  s
    100.48777042             0.6867500        
     42.94066869             0.3132499        
    2  s
      2.03695593             0.3489502        
      0.96661184             0.6510497        
    1  s
     14.94012939             1.0000000        
    1  s
      6.38335649             1.0000000        
    1  s
      0.41745662             1.0000000        
    1  s
      0.09752435             1.0000000        
    1  s
      0.0355168              1.0000000        
    5  p
   3394.79326344             0.0027650        
    841.97565606             0.0160526        
    295.6383339              0.0677094        
    120.04772453             0.2366935        
     50.82984032             0.6767794        
    2  p
     21.9956769              0.4907923        
      9.78856316             0.5092076        
    3  p
      1.94928403             0.4519898        
      0.83286577             0.4312156        
      0.33109419             0.1167945        
    1  p
      4.38095143             1.0000000        
    1  p
      0.57849859             1.0000000        
    1  p
      0.1011135              1.0000000        
    4  d
     40.30032527             0.0208571        
     11.34339345             0.1167742        
      3.89821928             0.3357062        
      1.41772019             0.5266624        
    1  d
      0.49405207             1.0000000        
    1  d
      0.15425405             1.0000000        
    1  f
      2.45712691             1.0000000        
    1  f
      0.5893074              1.0000000        
    1  g
      1.65808166             1.0000000        
*
$end
