$basis
*
cu   DZP-DKH
*
    4  s
 313264.6119074              0.0213057        
  48393.25759622             0.0691267        
  11479.79228103             0.2214256        
   3384.61235923             0.6881418        
    2  s
   1137.39282708             0.3076302        
    420.02333059             0.6923697        
    2  s
    168.05814116            -0.6283913        
     71.30338905            -0.3716086        
    2  s
     23.99018809             0.4179216        
     10.50131154             0.5820783        
    2  s
      1.80862431            -0.7627821        
      0.75612558            -0.2372178        
    1  s
      3.8198126              1.0000000        
    1  s
      0.10764031             1.0000000        
    1  s
      0.04158824             1.0000000        
    4  p
   3873.61970711             0.0070717        
    920.27679219             0.0439049        
    296.24894498             0.2123032        
    110.87219054             0.7367200        
    2  p
     45.50466094             0.4364703        
     19.80898271             0.5635296        
    3  p
      3.78063332             0.4637392        
      1.56185032             0.4139766        
      0.59880914             0.1222840        
    1  p
      8.93265073             1.0000000        
    1  p
      3.4835000              1.0000000        
    1  p
      0.2951600              1.0000000        
    4  d
     47.14549465             0.0312064        
     13.10955824             0.1604277        
      4.35166717             0.3654101        
      1.4074933              0.4429556        
    1  d
      0.37796216             1.0000000        
    1  f
      2.64507327             1.0000000        
*
cu   TZP-DKH
*
    6  s
 514669.00652938             0.0034482        
  80118.78677097             0.0104881        
  19651.16415339             0.0302909        
   6138.22262671             0.0833264        
   2144.26659637             0.2384455        
    784.58098632             0.6340007        
    2  s
    122.27577734            -0.7748952        
     51.72737096            -0.2251047        
    2  s
      3.15166869             0.4074839        
      1.44088933             0.5925160        
    1  s
    301.01834491             1.0000000        
    1  s
     21.04214566             1.0000000        
    1  s
      9.27995286             1.0000000        
    1  s
      0.62462574             1.0000000        
    1  s
      0.11348979             1.0000000        
    1  s
      0.03941851             1.0000000        
    5  p
   5815.43818214             0.0026722        
   1428.1485126              0.0143985        
    483.76133521             0.0647293        
    188.24449511             0.2387081        
     78.57208428             0.6794918        
    2  p
     34.30720509             0.4953678        
     15.51857462             0.5046321        
    3  p
      3.15455527             0.4233957        
      1.34968484             0.3952448        
      0.53361631             0.1813594        
    1  p
      7.05295772             1.0000000        
    1  p
      0.51818426             1.0000000        
    1  p
      0.13161631             1.0000000        
    4  d
     67.4683495              0.0217539        
     19.40941207             0.1239550        
      6.83244583             0.3439887        
      2.5180828              0.5103023        
    1  d
      0.87575787             1.0000000        
    1  d
      0.26512479             1.0000000        
    1  f
      5.24160474             1.0000000        
    1  f
      1.31383979             1.0000000        
    1  g
      3.82922469             1.0000000        
*
$end
