$basis
*
dy SARC-DKH2
*
    6   s
1205955.486947000            0.0903428630
 535980.2164210000          -0.0444681710
 238213.4295200000           0.1774927899
 105872.6353420000           0.0722970710
  47054.5045970000           0.3595840181
  20913.1131540000           0.4905981927
    1   s
   9294.7169570000           1.0000000000
    1   s
   4130.9853140000           1.0000000000
    1   s
   1835.9934730000           1.0000000000
    1   s
    815.9970990000           1.0000000000
    1   s
    362.6653770000           1.0000000000
    1   s
    161.1846120000           1.0000000000
    1   s
     71.6376050000           1.0000000000
    1   s
     31.8389360000           1.0000000000
    1   s
     14.1506380000           1.0000000000
    1   s
      6.2891720000           1.0000000000
    1   s
      2.7951880000           1.0000000000
    1   s
      1.2423060000           1.0000000000
    1   s
      0.5521360000           1.0000000000
    1   s
      0.2453940000           1.0000000000
    1   s
      0.1090640000           1.0000000000
    1   s
      0.0484730000           1.0000000000
    1   s
      0.0215430000           1.0000000000
    5   p
  16500.5200280000           0.0133242640
   6600.2080110000           0.0165074070
   2640.0832040000           0.0820866953
   1056.0332820000           0.2495693427
    422.4133130000           0.7420930548
    1   p
    168.9653250000           1.0000000000
    1   p
     67.5861300000           1.0000000000
    1   p
     27.0344520000           1.0000000000
    1   p
     10.8137810000           1.0000000000
    1   p
      4.3255120000           1.0000000000
    1   p
      1.7302050000           1.0000000000
    1   p
      0.6920820000           1.0000000000
    1   p
      0.2768330000           1.0000000000
    1   p
      0.1107330000           1.0000000000
    1   p
      0.0442930000           1.0000000000
    1   p
      0.0177170000           1.0000000000
    4   d
   1185.0486620000           0.0081759694
    430.9267860000           0.0457486314
    156.7006500000           0.2512290651
     56.9820540000           0.8003665713
    1   d
     20.7207470000           1.0000000000
    1   d
      7.5348170000           1.0000000000
    1   d
      2.7399330000           1.0000000000
    1   d
      0.9963390000           1.0000000000
    1   d
      0.3623050000           1.0000000000
    1   d
      0.1317470000           1.0000000000
    1   d
      0.0479080000           1.0000000000
    1   d
      0.0174210000           1.0000000000
    4   f
     33.8369440000           0.1064739060
     11.2789810000           0.3470768094
      3.7596600000           0.5199274047
      1.2532200000           0.3656764404
    1   f
      0.4177400000           1.0000000000
    1   f
      0.1392470000           1.0000000000
*
$end
