$basis
*
f   DZP-DKH
*
    5  s
  11245.07427445             0.0024422        
   1726.97986029             0.0141658        
    394.23268791             0.0695007        
    109.5121736              0.2606839        
     34.82122553             0.6532071        
    2  s
     12.36386969             0.7469076        
      4.75744942             0.2530923        
    1  s
      1.37400143             1.0000000        
    1  s
      0.39513873             1.0000000        
    4  p
     43.98233925             0.0180879        
      9.94469246             0.1127789        
      2.93406079             0.3425222        
      0.91404725             0.5266109        
    1  p
      0.26664491             1.0000000        
    1  d
      1.68949991             1.0000000        
*
f   TZP-DKH
*
    5  s
  16736.04332217             0.0024626        
   2517.47266937             0.0137866        
    575.9521789              0.0657619        
    164.57735695             0.2447183        
     54.27385737             0.6732703        
    2  s
     19.67931067             0.5665443        
      7.49543072             0.4334556        
    1  s
      1.88568025             1.0000000        
    1  s
      0.97986789             1.0000000        
    1  s
      0.32385317             1.0000000        
    4  p
     80.49602312             0.0111473        
     18.6539934              0.0763886        
      5.70273743             0.2928197        
      1.95547755             0.6196442        
    1  p
      0.68295355             1.0000000        
    1  p
      0.22044626             1.0000000        
    1  d
      3.18146999             1.0000000        
    1  d
      0.8903242              1.0000000        
    1  f
      1.99355999             1.0000000        
*
$end