$basis
*
fe   DZP-DKH
*
    6  s
 461969.33436343             0.0024684        
  71367.29880371             0.0077518        
  16995.41790911             0.0241086        
   4979.71605444             0.0750806        
   1614.97097122             0.2368588        
    558.95466347             0.6537316        
    2  s
     12.96164017             0.6174545        
      5.91093416             0.3825454        
    2  s
      1.96904431            -0.5538596        
      0.7820924             -0.4461403        
    1  s
    206.05345244             1.0000000        
    1  s
     79.99111049             1.0000000        
    1  s
     27.14149817             1.0000000        
    1  s
      0.11237496             1.0000000        
    1  s
      0.05064156             1.0000000        
    4  p
   3196.09469313             0.0066581        
    759.98366038             0.0429109        
    244.90627978             0.2106954        
     91.6279479              0.7397354        
    2  p
     37.53954608             0.4237631        
     16.27048292             0.5762368        
    3  p
      3.05279952             0.4193043        
      1.26717782             0.4412743        
      0.49472366             0.1394212        
    1  p
      7.31677823             1.0000000        
    1  p
      2.6875400              1.0000000        
    1  p
      0.1355900              1.0000000        
    4  d
     38.42700436             0.0278226        
     10.64378208             0.1464908        
      3.55993588             0.3602281        
      1.19429286             0.4654583        
    1  d
      0.35558573             1.0000000        
    1  f
      1.81278863             1.0000000        
*
fe   TZP-DKH
*
    6  s
 489363.91999756             0.0030585        
  76936.88249538             0.0091433        
  19111.87896905             0.0269235        
   5953.14711781             0.0759663        
   2026.23124631             0.2328575        
    720.41679911             0.6520506        
    2  s
    109.11058782             0.7224607        
     46.72162464             0.2775392        
    2  s
      2.44747866             0.3809404        
      1.1660482              0.6190595        
    1  s
    270.92857792             1.0000000        
    1  s
     17.32120133             1.0000000        
    1  s
      7.50518249             1.0000000        
    1  s
      0.53243004             1.0000000        
    1  s
      0.11921823             1.0000000        
    1  s
      0.04225089             1.0000000        
    5  p
   4524.59978956             0.0025908        
   1117.10671951             0.0145309        
    383.18041997             0.0647179        
    150.91292643             0.2368595        
     63.20731062             0.6813006        
    2  p
     27.51598778             0.4837345        
     12.38754653             0.5162654        
    3  p
      2.50956697             0.4902485        
      1.07890467             0.4747177        
      0.43388971             0.0350337        
    1  p
      5.64019838             1.0000000        
    1  p
      0.8195210              1.0000000        
    1  p
      0.42475725             1.0000000        
    4  d
     57.37689087             0.0186728        
     16.5000892              0.1094061        
      5.79890555             0.3298519        
      2.17706897             0.5420691        
    1  d
      0.79292368             1.0000000        
    1  d
      0.26063792             1.0000000        
    1  f
      3.44034529             1.0000000        
    1  f
      0.84589748             1.0000000        
    1  g
      2.25265017             1.0000000        
*
$end
