$basis
*
ga   DZP-DKH
*
    6  s
 910353.71566745             0.0028521        
 137852.17230261             0.0087047        
  31689.11897479             0.0262718        
   8933.43848474             0.0786229        
   2835.20534705             0.2374181        
    981.49047826             0.6461301        
    2  s
    147.90538165            -0.7547239        
     62.90174922            -0.2452760        
    2  s
      3.22249134            -0.5168190        
      1.29005447            -0.4831809        
    1  s
    367.46489995             1.0000000        
    1  s
     24.44683429             1.0000000        
    1  s
     10.56759677             1.0000000        
    1  s
      0.19323696             1.0000000        
    1  s
      0.08052745             1.0000000        
    5  p
   5119.9901772              0.0023866        
   1199.59676171             0.0144368        
    378.55809198             0.0727302        
    138.6311328              0.2637794        
     55.82951628             0.6466667        
    3  p
      4.52204516             0.4016718        
      1.90947137             0.4604511        
      0.78773269             0.1378769        
    1  p
     23.94723873             1.0000000        
    1  p
     10.69231825             1.0000000        
    1  p
      0.3682581              1.0000000        
    1  p
      0.08694155             1.0000000        
    4  d
     62.59260023             0.0286847        
     17.74323225             0.1523348        
      6.07340934             0.3655624        
      2.08773021             0.4534179        
    1  d
      0.64478621             1.0000000        
    1  f
      3.6411400              1.0000000        
*
ga   TZP-DKH
*
    7  s
 1102887.70666042            0.0016175        
 170974.0717133              0.0047364        
  42016.06290563             0.0124180        
  13337.16526367             0.0314395        
   4691.67551291             0.0867153        
   1680.66430812             0.2503737        
    620.48404958             0.6126993        
    2  s
     14.18696919             0.8343308        
      6.2018460              0.1656691        
    1  s
    241.03180584             1.0000000        
    1  s
     97.56478545             1.0000000        
    1  s
     30.85759314             1.0000000        
    1  s
      2.63208419             1.0000000        
    1  s
      1.09317366             1.0000000        
    1  s
      0.20365719             1.0000000        
    1  s
      0.07224917             1.0000000        
    5  p
   7740.51474845             0.0038029        
   2034.6007595              0.0154532        
    836.42878494             0.0463277        
    354.15721189             0.1981851        
    139.00226887             0.7362310        
    2  p
     55.91296562             0.4276199        
     23.50780499             0.5723800        
    3  p
      4.19882541             0.4556397        
      1.72625524             0.4359245        
      0.69312138             0.1084357        
    1  p
     10.23138041             1.0000000        
    1  p
      0.18144312             1.0000000        
    1  p
      0.05386066             1.0000000        
    4  d
    103.71281366             0.0161197        
     30.01872205             0.1028721        
     10.64661425             0.3275636        
      4.04022357             0.5534445        
    1  d
      1.48916029             1.0000000        
    1  d
      0.49809605             1.0000000        
    1  f
      7.04909596             1.0000000        
    1  f
      1.87567603             1.0000000        
    1  g
      5.07201575             1.0000000        
*
$end
