$basis
*
gd SARC-DKH2
*
    6   s
1133304.941480000            0.0878579984
 503691.0851020000          -0.0428562640
 223862.7044900000           0.1734001640
  99494.5353290000           0.0732061259
  44219.7934790000           0.3565854507
  19653.2415460000           0.4959632472
    1   s
   8734.7740210000           1.0000000000
    1   s
   3882.1217870000           1.0000000000
    1   s
   1725.3874610000           1.0000000000
    1   s
    766.8388710000           1.0000000000
    1   s
    340.8172760000           1.0000000000
    1   s
    151.4743450000           1.0000000000
    1   s
     67.3219310000           1.0000000000
    1   s
     29.9208580000           1.0000000000
    1   s
     13.2981590000           1.0000000000
    1   s
      5.9102930000           1.0000000000
    1   s
      2.6267970000           1.0000000000
    1   s
      1.1674650000           1.0000000000
    1   s
      0.5188730000           1.0000000000
    1   s
      0.2306100000           1.0000000000
    1   s
      0.1024940000           1.0000000000
    1   s
      0.0455530000           1.0000000000
    1   s
      0.0202460000           1.0000000000
    5   p
  15432.8043060000           0.0127530073
   6173.1217220000           0.0162141666
   2469.2486890000           0.0807129985
    987.6994760000           0.2488007388
    395.0797900000           0.7438036522
    1   p
    158.0319160000           1.0000000000
    1   p
     63.2127660000           1.0000000000
    1   p
     25.2851070000           1.0000000000
    1   p
     10.1140430000           1.0000000000
    1   p
      4.0456170000           1.0000000000
    1   p
      1.6182470000           1.0000000000
    1   p
      0.6472990000           1.0000000000
    1   p
      0.2589190000           1.0000000000
    1   p
      0.1035680000           1.0000000000
    1   p
      0.0414270000           1.0000000000
    1   p
      0.0165710000           1.0000000000
    4   d
   1092.7062230000           0.0081777135
    397.3477180000           0.0460741058
    144.4900790000           0.2525566877
     52.5418470000           0.7991417324
    1   d
     19.1061260000           1.0000000000
    1   d
      6.9476820000           1.0000000000
    1   d
      2.5264300000           1.0000000000
    1   d
      0.9187020000           1.0000000000
    1   d
      0.3340730000           1.0000000000
    1   d
      0.1214810000           1.0000000000
    1   d
      0.0441750000           1.0000000000
    1   d
      0.0160640000           1.0000000000
    4   f
     34.7127000000           0.0891091235
     11.5709000000           0.3215449112
      3.8569670000           0.5353098555
      1.2856560000           0.3797503493
    1   f
      0.4285520000           1.0000000000
    1   f
      0.1428510000           1.0000000000
*
$end
