$basis
*
ge   DZP-DKH
*
    6  s
 983203.98198795             0.0029586        
 148884.75624252             0.0089663        
  34226.12267124             0.0268304        
   9643.77118891             0.0794679        
   3059.33370497             0.2378306        
   1059.26353125             0.6439458        
    2  s
    160.07845255            -0.7481751        
     68.36825261            -0.2518248        
    2  s
      3.55246244            -0.5026154        
      1.45386316            -0.4973845        
    1  s
    396.96955591             1.0000000        
    1  s
     26.44973557             1.0000000        
    1  s
     11.45822952             1.0000000        
    1  s
      0.24542733             1.0000000        
    1  s
      0.1042528              1.0000000        
    5  p
   5620.18196367             0.0024336        
   1320.14433527             0.0143286        
    417.8318047              0.0717078        
    153.2691709              0.2607787        
     61.75605884             0.6507512        
    3  p
      4.96267131             0.4054344        
      2.09154137             0.4651328        
      0.86464919             0.1294327        
    1  p
     26.48177927             1.0000000        
    1  p
     11.82280693             1.0000000        
    1  p
      0.37667865             1.0000000        
    1  p
      0.10335204             1.0000000        
    4  d
     71.65615359             0.0272444        
     20.44466131             0.1477064        
      7.06830748             0.3646322        
      2.4783720              0.4604168        
    1  d
      0.7954723              1.0000000        
    1  f
      4.2249999              1.0000000        
*
ge   TZP-DKH
*
    7  s
 1401429.17054334            0.0016996        
 218412.57389231             0.0048899        
  53747.55035209             0.0125684        
  17054.27506939             0.0310678        
   6037.72486321             0.0829555        
   2165.81977184             0.2408315        
    787.81226270             0.6259868        
    2  s
     17.83982031             0.7212388        
      8.34041086             0.2787611        
    1  s
    297.57998503             1.0000000        
    1  s
    116.56487083             1.0000000        
    1  s
     36.74739134             1.0000000        
    1  s
      3.10890301             1.0000000        
    1  s
      1.29166443             1.0000000        
    1  s
      0.25684439             1.0000000        
    1  s
      0.09315123             1.0000000        
    7  p
   7745.96880155             0.0007103        
   1978.69652784             0.0032449        
    698.74045757             0.0138416        
    268.69593788             0.0555884        
    106.56884189             0.1798012        
     44.03015572             0.3718838        
     18.94641267             0.3749293        
    2  p
      3.51145972            -0.5852097        
      1.49539604            -0.4147902        
    1  p
      7.99860913             1.0000000        
    1  p
      0.54986175             1.0000000        
    1  p
      0.19763607             1.0000000        
    1  p
      0.06695373             1.0000000        
    4  d
    116.40740836             0.0156884        
     33.85135964             0.1011206        
     12.09879241             0.3256936        
      4.65158978             0.5574973        
    1  d
      1.75619118             1.0000000        
    1  d
      0.60958492             1.0000000        
    1  f
      7.89378482             1.0000000        
    1  f
      2.1262849              1.0000000        
    1  g
      5.83168488             1.0000000        
*
$end
