$basis
*
i   DZP-DKH
*
    8  s
 5464702.08060097            0.0022010        
 849942.52168504             0.0059336        
 207458.86762606             0.0137360        
  64929.86485391             0.0289591        
  23909.80880875             0.0599806        
   9850.71275593             0.1154691        
   4222.34623514             0.2554331        
   1781.76403452             0.5182871        
    2  s
    749.21394356            -0.5544582        
    318.75246448            -0.4455417        
    2  s
     59.88344918            -0.6579130        
     29.50227605            -0.3420869        
    2  s
     12.24593624            -0.6349870        
      6.20345391            -0.3650129        
    2  s
      2.43764323             0.6518901        
      1.14985168             0.3481098        
    1  s
    118.02205930             1.0000000        
    1  s
      0.30638210             1.0000000        
    1  s
      0.11926836             1.0000000        
    7  p
  20182.20166081             0.0016094        
   4999.21100888             0.0059094        
   1768.53795847             0.0204900        
    734.7752808              0.0629189        
    317.5116541              0.1798365        
    139.60118455             0.3605064        
     63.12833732             0.3687292        
    2  p
     13.45203045            -0.6684080        
      6.52579989            -0.3315919        
    3  p
      3.02467901             0.6059378        
      1.38040546             0.3385645        
      0.52669045             0.0554975        
    1  p
     28.34086632             1.0000000        
    1  p
      0.22217820             1.0000000        
    1  p
      0.08328104             1.0000000        
    6  d
    565.9883795              0.0066068        
    168.69681731             0.0466142        
     63.14306896             0.1755992        
     26.1030685              0.3583238        
     11.24530421             0.3404563        
      4.6390732              0.0723995        
    1  d
      1.91572411             1.0000000        
    1  d
      0.72024616             1.0000000        
    1  f
      2.20029999             1.0000000        
*
i   TZP-DKH
*
    8  s
 5464702.08060097            0.0022010        
 849942.52168504             0.0059336        
 207458.86762606             0.0137360        
  64929.86485391             0.0289591        
  23909.80880875             0.0599806        
   9850.71275593             0.1154691        
   4222.34623514             0.2554331        
   1781.76403452             0.5182871        
    2  s
    749.21394356            -0.5544582        
    318.75246448            -0.4455417        
    2  s
     59.88344918            -0.6579130        
     29.50227605            -0.3420869        
    2  s
     12.24593624            -0.6349870        
      6.20345391            -0.3650129        
    2  s
      2.43764323             0.6518901        
      1.14985168             0.3481098        
    1  s
    118.02205930             1.0000000        
    1  s
      0.30638210             1.0000000        
    1  s
      0.11926836             1.0000000        
    1  s
      0.05963418             1.0000000        
    7  p
  20182.20166081             0.0016094        
   4999.21100888             0.0059094        
   1768.53795847             0.0204900        
    734.7752808              0.0629189        
    317.5116541              0.1798365        
    139.60118455             0.3605064        
     63.12833732             0.3687292        
    2  p
     13.45203045            -0.6684080        
      6.52579989            -0.3315919        
    3  p
      3.02467901             0.6059378        
      1.38040546             0.3385645        
      0.52669045             0.0554975        
    1  p
     28.34086632             1.0000000        
    1  p
      0.22217820             1.0000000        
    1  p
      0.08328104             1.0000000        
    1  p
      0.04164052             1.0000000        
    6  d
    565.9883795              0.0066068        
    168.69681731             0.0466142        
     63.14306896             0.1755992        
     26.1030685              0.3583238        
     11.24530421             0.3404563        
      4.6390732              0.0723995        
    1  d
      1.91572411             1.0000000        
    1  d
      0.72024616             1.0000000        
    1  d
      0.36012308             1.0000000        
    1  f
      3.85297909             1.0000000        
    1  f
      1.265860195            1.0000000        
    1  g
      2.97888999             1.0000000        
*
$end
