$basis
*
in   DZP-DKH
*
    8  s
 3911387.99396017            0.0019106        
 616287.73481971             0.0051095        
 151103.30117264             0.0122150        
  47141.85872853             0.0264067        
  17529.40640418             0.0549934        
   7260.52500212             0.1118848        
   3025.71991729             0.2650582        
   1247.90516632             0.5224215        
    2  s
    525.78514244            -0.6182111        
    227.70274356            -0.3817888        
    2  s
     37.42356574             0.8595418        
     15.40856655             0.1404581        
    2  s
      7.80235647            -0.9674241        
      3.66651376            -0.0325758        
    2  s
      1.58107676             0.8300646        
      0.68346506             0.1699353        
    1  s
     81.15347986             1.0000000        
    1  s
      0.16693398             1.0000000        
    1  s
      0.06074596             1.0000000        
    7  p
  15057.43809137             0.0015978        
   3736.13730897             0.0063150        
   1305.52437933             0.0236237        
    530.19961571             0.0749274        
    227.22714039             0.2056037        
    100.29531263             0.3698071        
     45.55071966             0.3181250        
    2  p
      9.30536768            -0.7398548        
      4.34502689            -0.2601451        
    3  p
      2.03496374             0.7377750        
      0.89930195             0.2561995        
      0.04072711             0.0060254        
    1  p
     19.89039293             1.0000000        
    1  p
      0.34908476             1.0000000        
    1  p
      0.11984145             1.0000000        
    6  d
    404.44497713             0.0084245        
    120.40150512             0.0575138        
     44.84756662             0.2023909        
     18.32709234             0.3727961        
      7.7691023              0.3081591        
      3.02700765             0.0507152        
    1  d
      1.17153703             1.0000000        
    1  d
      0.40449780             1.0000000        
    1  f
      1.2673800              1.0000000        
*
in   TZP-DKH
*
    8  s
 3911387.99396017            0.0019106        
 616287.73481971             0.0051095        
 151103.30117264             0.0122150        
  47141.85872853             0.0264067        
  17529.40640418             0.0549934        
   7260.52500212             0.1118848        
   3025.71991729             0.2650582        
   1247.90516632             0.5224215        
    2  s
    525.78514244            -0.6182111        
    227.70274356            -0.3817888        
    2  s
     37.42356574             0.8595418        
     15.40856655             0.1404581        
    2  s
      7.80235647            -0.9674241        
      3.66651376            -0.0325758        
    2  s
      1.58107676             0.8300646        
      0.68346506             0.1699353        
    1  s
     81.15347986             1.0000000        
    1  s
      0.16693398             1.0000000        
    1  s
      0.06074596             1.0000000        
    1  s
      0.03037298             1.0000000        
    7  p
  15057.43809137             0.0015978        
   3736.13730897             0.0063150        
   1305.52437933             0.0236237        
    530.19961571             0.0749274        
    227.22714039             0.2056037        
    100.29531263             0.3698071        
     45.55071966             0.3181250        
    2  p
      9.30536768            -0.7398548        
      4.34502689            -0.2601451        
    3  p
      2.03496374             0.7377750        
      0.89930195             0.2561995        
      0.04072711             0.0060254        
    1  p
     19.89039293             1.0000000        
    1  p
      0.34908476             1.0000000        
    1  p
      0.11984145             1.0000000        
    1  p
      0.059920725            1.0000000        
    6  d
    404.44497713             0.0084245        
    120.40150512             0.0575138        
     44.84756662             0.2023909        
     18.32709234             0.3727961        
      7.7691023              0.3081591        
      3.02700765             0.0507152        
    1  d
      1.17153703             1.0000000        
    1  d
      0.40449780             1.0000000        
    1  d
      0.2022489              1.0000000        
    1  f
      2.5757900              1.0000000        
    1  f
      0.8041010              1.0000000        
    1  g
      2.0399300              1.0000000        
*
$end
