$basis
*
k   DZP-DKH
*
    6  s
 354250.51554442             0.0016627        
  53854.37640452             0.0056056        
  12361.19110871             0.0193081        
   3445.95204884             0.0677840        
   1075.55466155             0.2317081        
    366.57318135             0.6739311        
    2  s
     53.90620772            -0.7486980        
     22.59813682            -0.2513019        
    2  s
      0.82054226             0.5141450        
      0.31988212             0.4858549        
    1  s
    135.48092087             1.0000000        
    1  s
      8.09786395             1.0000000        
    1  s
      3.30498804             1.0000000        
    1  s
      0.03541744             1.0000000        
    1  s
      0.01646326             1.0000000        
    5  p
   1946.44474784             0.0017375        
    452.89552783             0.0129344        
    141.6424159              0.0687607        
     51.27822241             0.2604094        
     20.33849456             0.6561580        
    2  p
      8.46124031             0.5906966        
      3.6236219              0.4093033        
    2  p
      0.54002461             0.6837690        
      0.20222716             0.3162309        
    1  p
      4.07492726             1.0000000        
    1  p
      1.37014733             1.0000000        
    1  p
      0.04471633             1.0000000        
    1  d
      0.06287033             1.0000000        
*
k   TZP-DKH
*
    7  s
 428242.30424475             0.0008807        
  65580.15994019             0.0028805        
  15724.19413173             0.0088176        
   4872.57135995             0.0257206        
   1690.37044379             0.0803021        
    598.80075308             0.2501246        
    218.82354539             0.6312735        
    2  s
      4.63827453            -0.7740635        
      2.08136315            -0.2259364        
    1  s
     84.45415215             1.0000000        
    1  s
     34.00275517             1.0000000        
    1  s
     10.41692419             1.0000000        
    1  s
      0.74500339             1.0000000        
    1  s
      0.28931658             1.0000000        
    1  s
      0.01510794             1.0000000        
    1  s
      0.03508468             1.0000000        
    5  p
   2570.2521092              0.0019666        
    642.6099370              0.0119790        
    222.4540569              0.0555607        
     85.30416109             0.2243170        
     34.01212437             0.7061766        
    2  p
     14.08906645             0.4629581        
      6.05154655             0.5370418        
    3  p
      1.10953771             0.5278017        
      0.4515954              0.3494904        
      0.17668488             0.1227078        
    1  p
      2.67407506             1.0000000        
    1  p
      1.0769830              1.0000000        
    1  p
      0.0375710              1.0000000        
    1  d
      0.57805998             1.0000000        
    1  d
      0.0919200              1.0000000        
    1  f
      0.4513650              1.0000000        
*
$end
