$basis
*
kr   DZP-DKH
*
    6  s
 1088999.64660512            0.0039084        
 171334.63717017             0.0108489        
  42719.50564953             0.0294105        
  12563.3679808              0.0829259        
   4067.28823097             0.2377252        
   1414.77675441             0.6351807        
    2  s
    214.10770322            -0.7279653        
     92.22255109            -0.2720346        
    2  s
      4.99624235             0.4732577        
      2.19789239             0.5267422        
    1  s
    530.17308767             1.0000000        
    1  s
     35.09824557             1.0000000        
    1  s
     15.33192352             1.0000000        
    1  s
      0.48721585             1.0000000        
    1  s
      0.20388527             1.0000000        
    6  p
   7502.57287634             0.0013837        
   1765.11352791             0.0076092        
    560.41896165             0.0367691        
    206.18913192             0.1346603        
     83.21283239             0.3392312        
     35.67589014             0.4803461        
    2  p
      2.74653294            -0.8204112        
      0.9826322             -0.1795887        
    1  p
     15.89079763             1.0000000        
    1  p
      6.58243178             1.0000000        
    1  p
      0.60298415             1.0000000        
    1  p
      0.17789351             1.0000000        
    4  d
    112.32378219             0.0233247        
     32.5753767              0.1347000        
     11.54346822             0.3605640        
      4.24777292             0.4814112        
    1  d
      1.47526792             1.0000000        
    1  f
      6.8850900              1.0000000        
*
kr   TZP-DKH
*
    7  s
 2022523.35400365            0.0020918        
 321581.18640634             0.0057746        
  78794.86535957             0.0147737        
  24367.24826888             0.0358206        
   8772.54852994             0.0853311        
   3279.34210313             0.2340001        
   1206.82451016             0.6222077        
    2  s
     30.60063891            -0.5806112        
     13.71423656            -0.4193887        
    1  s
    452.99814489             1.0000000        
    1  s
    177.85360115             1.0000000        
    1  s
     68.90077488             1.0000000        
    1  s
      4.66990153             1.0000000        
    1  s
      2.05586155             1.0000000        
    1  s
      0.49911816             1.0000000        
    1  s
      0.18661016             1.0000000        
    7  p
   9855.05799761             0.0008341        
   2508.11351375             0.0035736        
    901.31751148             0.0140686        
    356.87438047             0.0537648        
    144.01862941             0.1735307        
     60.11769133             0.3678017        
     26.11649011             0.3864259        
    2  p
      5.03265059            -0.5937517        
      2.2314183             -0.4062482        
    1  p
     11.26568877             1.0000000        
    1  p
      0.8376353              1.0000000        
    1  p
      0.33526405             1.0000000        
    1  p
      0.12144298             1.0000000        
    4  d
    189.71163634             0.0126627        
     55.50837565             0.0880890        
     20.09178924             0.3112054        
      7.92942308             0.5880428        
    1  d
      3.1451067              1.0000000        
    1  d
      1.16837555             1.0000000        
    1  f
     11.89747553             1.0000000        
    1  f
      3.39377546             1.0000000        
    1  g
      9.31937391             1.0000000        
*
$end
