$basis
*
la SARC-DKH2
*
    6   s
 896770.4166840000           0.0795111541
 398564.6296370000          -0.0375342446
 177139.8353940000           0.1595294291
  78728.8157310000           0.0758719262
  34990.5847690000           0.3462724565
  15551.3710090000           0.5145503537
    1   s
   6911.7204480000           1.0000000000
    1   s
   3071.8757550000           1.0000000000
    1   s
   1365.2781130000           1.0000000000
    1   s
    606.7902730000           1.0000000000
    1   s
    269.6845660000           1.0000000000
    1   s
    119.8598070000           1.0000000000
    1   s
     53.2710250000           1.0000000000
    1   s
     23.6760110000           1.0000000000
    1   s
     10.5226720000           1.0000000000
    1   s
      4.6767430000           1.0000000000
    1   s
      2.0785520000           1.0000000000
    1   s
      0.9238010000           1.0000000000
    1   s
      0.4105780000           1.0000000000
    1   s
      0.1824790000           1.0000000000
    1   s
      0.0811020000           1.0000000000
    1   s
      0.0360450000           1.0000000000
    1   s
      0.0160200000           1.0000000000
    5   p
  11986.2753990000           0.0109212514
   4794.5101600000           0.0152689903
   1917.8040640000           0.0763280147
    767.1216260000           0.2464929514
    306.8486500000           0.7490989198
    1   p
    122.7394600000           1.0000000000
    1   p
     49.0957840000           1.0000000000
    1   p
     19.6383140000           1.0000000000
    1   p
      7.8553250000           1.0000000000
    1   p
      3.1421300000           1.0000000000
    1   p
      1.2568520000           1.0000000000
    1   p
      0.5027410000           1.0000000000
    1   p
      0.2010960000           1.0000000000
    1   p
      0.0804390000           1.0000000000
    1   p
      0.0321750000           1.0000000000
    1   p
      0.0128700000           1.0000000000
    4   d
    797.4623660000           0.0083589126
    289.9863150000           0.0478945012
    105.4495690000           0.2592173271
     38.3452980000           0.7928724969
    1   d
     13.9437450000           1.0000000000
    1   d
      5.0704530000           1.0000000000
    1   d
      1.8438010000           1.0000000000
    1   d
      0.6704730000           1.0000000000
    1   d
      0.2438080000           1.0000000000
    1   d
      0.0886580000           1.0000000000
    1   d
      0.0322390000           1.0000000000
    1   d
      0.0117230000           1.0000000000
*
$end
