 $basis
*
li   DZP-DKH
*
    6  s
   1467.55426442             0.0008507        
    219.90959664             0.0063444        
     48.31061694             0.0341800        
     12.88488293             0.1343735        
      3.93833592             0.3436929        
      1.34077556             0.4805583        
    1  s
      0.49506113             1.0000000        
    1  s
      0.07748193             1.0000000        
    1  s
      0.02917883             1.0000000        
    4  p
      3.24722245             0.0109197        
      0.64804185             0.0600076        
      0.16900956             0.2645257        
      0.0556318              0.6645469        
    1  p
      0.02046171             1.0000000        
    1  d
      0.09489967             1.0000000        
*
li   TZP-DKH
*
    6  s
   2027.47420535             0.0007830        
    305.05639184             0.0056572        
     69.40582864             0.0288314        
     19.56145563             0.1106970        
      6.33475716             0.3059352        
      2.26781382             0.5480960        
    1  s
      0.89243976             1.0000000        
    1  s
      0.37919044             1.0000000        
    1  s
      0.07654042             1.0000000        
    1  s
      0.02858161             1.0000000        
    4  p
      6.12819345             0.0091558        
      1.34557307             0.0517613        
      0.36143972             0.2115243        
      0.11777962             0.7275585        
    1  p
      0.04435100             1.0000000        
    1  p
      0.01784022             1.0000000        
    1  d
      0.121468535            1.0000000        
    1  d
      0.04980293             1.0000000        
    1  f
      0.05461251             1.0000000        
*
$end
