$basis    
*
lu   SARC-DKH
*
    6  s
 1397555.920017000           0.0968100207     
 621135.9644520000          -0.0487171953     
 276060.4286450000           0.1880667514     
 122693.5238420000           0.0697111611     
  54530.4550410000           0.3672388775     
  24235.7577960000           0.4769729776     
    1  s
  10771.4479090000           1.0000000        
    1  s
   4787.3101820000           1.0000000        
    1  s
   2127.6934140000           1.0000000        
    1  s
    945.6415170000           1.0000000        
    1  s
    420.2851190000           1.0000000        
    1  s
    186.7933860000           1.0000000        
    1  s
     83.0192830000           1.0000000        
    1  s
     36.8974590000           1.0000000        
    1  s
     16.3988710000           1.0000000        
    1  s
      7.2883870000           1.0000000        
    1  s
      3.2392830000           1.0000000        
    1  s
      1.4396810000           1.0000000        
    1  s
      0.6398580000           1.0000000        
    1  s
      0.2843820000           1.0000000        
    1  s
      0.1263920000           1.0000000        
    1  s
      0.0561740000           1.0000000        
    1  s
      0.0249660000           1.0000000        
    5  p
  19323.3677850000           0.0148513135     
   7729.3471140000           0.0172835586     
   3091.7388460000           0.0857599466     
   1236.6955380000           0.2516820331     
    494.6782150000           0.7374423755     
    1  p
    197.8712860000           1.0000000        
    1  p
     79.1485140000           1.0000000        
    1  p
     31.6594060000           1.0000000        
    1  p
     12.6637620000           1.0000000        
    1  p
      5.0655050000           1.0000000        
    1  p
      2.0262020000           1.0000000        
    1  p
      0.8104810000           1.0000000        
    1  p
      0.3241920000           1.0000000        
    1  p
      0.1296770000           1.0000000        
    1  p
      0.0518710000           1.0000000        
    1  p
      0.0207480000           1.0000000        
    4  d
   1430.5278870000           0.0082481954     
    520.1919590000           0.0452381483     
    189.1607120000           0.2487627058     
     68.7857140000           0.8025905492     
    1  d
     25.0129870000           1.0000000        
    1  d
      9.0956320000           1.0000000        
    1  d
      3.3075020000           1.0000000        
    1  d
      1.2027280000           1.0000000        
    1  d
      0.4373560000           1.0000000        
    1  d
      0.1590380000           1.0000000        
    1  d
      0.0578320000           1.0000000        
    1  d
      0.0210300000           1.0000000        
    4  f
     46.7781990000           0.0968866264     
     15.5927330000           0.3412299326     
      5.1975780000           0.5279693134     
      1.7325260000           0.3658309691     
    1  f
      0.5775090000           1.0000000        
    1  f
      0.1925030000           1.0000000        
*
$end
