$basis
*
mg   DZP-DKH
*
    5  s
  29634.0384971              0.0029311        
   4504.26738086             0.0144281        
   1038.91119479             0.0656475        
    297.1429418              0.2430316        
     97.64415398             0.6739615        
    2  s
      1.64696724             0.6537499        
      0.67317558             0.3462500        
    1  s
     35.42090950             1.0000000        
    1  s
     13.59888828             1.0000000        
    1  s
      3.91380244             1.0000000        
    1  s
      0.10033811             1.0000000        
    1  s
      0.04064399             1.0000000        
    6  p
    290.98023692             0.0022489        
     67.06269532             0.0177124        
     20.5670113              0.0815748        
      7.3076341              0.2257669        
      2.78482554             0.3597646        
      1.10006315             0.3129322        
    1  p
      0.44134987             1.0000000        
    1  p
      0.12742513             1.0000000        
    1  p
      0.04092091             1.0000000        
    1  d
      0.10301691             1.0000000        
*
mg   TZP-DKH
*
    5  s
  55205.89651437             0.0035315        
   8794.40867233             0.0148400        
   2064.30589033             0.0632629        
    610.28662223             0.2224840        
    208.80576404             0.6958813        
    2  s
      3.17030291             0.4101809        
      1.20799912             0.5898190        
    1  s
     73.57500419             1.0000000        
    1  s
     27.15484646             1.0000000        
    1  s
     10.42300329             1.0000000        
    1  s
      0.49182585             1.0000000        
    1  s
      0.15228159             1.0000000        
    1  s
      0.05296776             1.0000000        
    6  p
    251.65039296             0.0025967        
     68.19093282             0.0150887        
     22.91892841             0.0681018        
      8.04390837             0.2141546        
      2.90724837             0.3743888        
      1.08098933             0.3256692        
    1  p
      0.40250592             1.0000000        
    1  p
      0.1871165              1.0000000        
    1  p
      0.07096954             1.0000000        
    1  p
      0.02820227             1.0000000        
    1  d
      0.0643323              1.0000000        
    1  d
      0.1940100              1.0000000        
    1  f
      0.1538100              1.0000000        
*
$end
