$basis
*
mn   DZP-DKH
*
    6  s
 324800.75972747             0.0022908        
  49815.77801891             0.0075871        
  11669.72288637             0.0250168        
   3372.90759039             0.0814944        
   1100.30092567             0.2510865        
    390.38958292             0.6325242        
    2  s
    148.51623731            -0.5872202        
     59.3163868             -0.4127797        
    2  s
      2.6848903             -0.2064186        
      1.27646153            -0.7935813        
    1  s
     18.33765831             1.0000000        
    1  s
      7.87765112             1.0000000        
    1  s
      0.53598316             1.0000000        
    1  s
      0.09996169             1.0000000        
    1  s
      0.03776661             1.0000000        
    6  p
   3112.74202007             0.0012277        
    760.26549001             0.0074390        
    254.98860271             0.0348476        
     96.96252067             0.1266179        
     39.54225349             0.3260533        
     16.82306604             0.5038144        
    2  p
      1.21456621             0.7053106        
      0.47261267             0.2946893        
    1  p
      7.39740537             1.0000000        
    1  p
      2.96572506             1.0000000        
    1  p
      0.26500334             1.0000000        
    1  p
      0.09488727             1.0000000        
    4  d
     30.74444238             0.0132712        
      8.21420598             0.2117260        
      2.84217461             0.4207303        
      1.31838075             0.3542722        
    1  d
      0.50595015             1.0000000        
    1  f
      0.28451417             1.0000000        
*
mn   TZP-DKH
*
    6  s
 429540.06806178             0.0027002        
  66091.05492852             0.0095178        
  15878.41303349             0.0278995        
   4876.21751062             0.0817197        
   1706.44219392             0.2340750        
    627.71058573             0.6440876        
    2  s
     94.79049527             0.7637523        
     39.56789996             0.2362476        
    2  s
      2.07437417             0.4400398        
      0.90153184             0.5599601        
    1  s
    238.54978944             1.0000000        
    1  s
     14.13947137             1.0000000        
    1  s
      6.06826747             1.0000000        
    1  s
      0.34113166             1.0000000        
    1  s
      0.14381634             1.0000000        
    1  s
      0.04484853             1.0000000        
    5  p
   4166.05249105             0.0025441        
   1046.24233843             0.0139786        
    365.34448672             0.0613075        
    143.76758603             0.2313211        
     59.25695741             0.6908486        
    2  p
     25.29265048             0.4824945        
     11.15359383             0.5175054        
    3  p
      2.1838059              0.4910616        
      0.93649893             0.4572416        
      0.3858669              0.0516967        
    1  p
      4.93531643             1.0000000        
    1  p
      0.40673693             1.0000000        
    1  p
      0.1286669              1.0000000        
    4  d
     50.20195531             0.0382155        
     15.12550375             0.0764751        
      5.41876842             0.2690293        
      1.90612247             0.6162800        
    1  d
      0.72104244             1.0000000        
    1  d
      0.57896503             1.0000000        
    1  f
      5.12596497             1.0000000        
    1  f
      1.13004203             1.0000000        
    1  g
      1.78996503             1.0000000        
*
$end
