$basis
*
mo   DZP-DKH
*
    8  s
 2026740.93270436            0.0024008        
 385350.13660691             0.0043811        
 153625.66721216             0.0062593        
  59074.20718888             0.0184487        
  18926.56514348             0.0507998        
   7049.14637847             0.1048640        
   2906.9102769              0.2472079        
   1178.86891419             0.5656380        
    2  s
    474.86543884            -0.5482821        
    193.86208674            -0.4517178        
    2  s
     30.71565223             0.8216425        
     13.28375914             0.1783574        
    2  s
      5.3497234             -0.8603516        
      1.94467514            -0.1396483        
    2  s
      0.97320128             0.7109546        
      0.3219083              0.2890453        
    1  s
     67.20988264             1.0000000        
    1  s
      0.11839548             1.0000000        
    1  s
      0.05367322             1.0000000        
    7  p
  10863.79422813             0.0013285        
   3502.46398906             0.0031797        
   1407.06428281             0.0134849        
    537.92230924             0.0539473        
    218.13351373             0.1644623        
     94.27836494             0.3546650        
     42.46633549             0.4089322        
    2  p
      8.99486403            -0.5170763        
      4.14037062            -0.4829236        
    3  p
      1.68330345             0.3422137        
      0.73126273             0.5114253        
      0.29053886             0.1463609        
    1  p
     19.68084827             1.0000000        
    1  p
      0.1304384              1.0000000        
    1  p
      0.0436769              1.0000000        
    6  d
    260.3968219              0.0086671        
     77.45152306             0.0576921        
     28.75103788             0.1953048        
     11.59423933             0.3539902        
      4.72142252             0.3141435        
      1.73212087             0.0702021        
    1  d
      0.60240161             1.0000000        
    1  d
      0.17860241             1.0000000        
    1  f
      0.5145300              1.0000000        
*
mo   TZP-DKH
*
    8  s
 2026740.93270436            0.0024008        
 385350.13660691             0.0043811        
 153625.66721216             0.0062593        
  59074.20718888             0.0184487        
  18926.56514348             0.0507998        
   7049.14637847             0.1048640        
   2906.9102769              0.2472079        
   1178.86891419             0.5656380        
    2  s
    474.86543884            -0.5482821        
    193.86208674            -0.4517178        
    2  s
     30.71565223             0.8216425        
     13.28375914             0.1783574        
    2  s
      5.3497234             -0.8603516        
      1.94467514            -0.1396483        
    2  s
      0.97320128             0.7109546        
      0.3219083              0.2890453        
    1  s
     67.20988264             1.0000000        
    1  s
      0.11839548             1.0000000        
    1  s
      0.05367322             1.0000000        
    1  s
      0.02683661             1.0000000        
    7  p
  10863.79422813             0.0013285        
   3502.46398906             0.0031797        
   1407.06428281             0.0134849        
    537.92230924             0.0539473        
    218.13351373             0.1644623        
     94.27836494             0.3546650        
     42.46633549             0.4089322        
    2  p
      8.99486403            -0.5170763        
      4.14037062            -0.4829236        
    3  p
      1.68330345             0.3422137        
      0.73126273             0.5114253        
      0.29053886             0.1463609        
    1  p
     19.68084827             1.0000000        
    1  p
      0.1304384              1.0000000        
    1  p
      0.0436769              1.0000000        
    1  p
      0.02183845             1.0000000        
    6  d
    260.3968219              0.0086671        
     77.45152306             0.0576921        
     28.75103788             0.1953048        
     11.59423933             0.3539902        
      4.72142252             0.3141435        
      1.73212087             0.0702021        
    1  d
      0.60240161             1.0000000        
    1  d
      0.17860241             1.0000000        
    1  d
      0.089301205            1.0000000        
    1  f
      1.1248440              1.0000000        
    1  f
      0.3345650              1.0000000        
    1  g
      0.8460700              1.0000000        
*
$end
