$basis
*
n   DZP-DKH
*
    5  s
   6711.76398035             0.0022301        
   1029.56088507             0.0140080        
    234.62552896             0.0699756        
     65.08616322             0.2624838        
     20.68134371             0.6513023        
    2  s
      7.3594862              0.7394324        
      2.86133058             0.2605675        
    1  s
      0.75772555             1.0000000        
    1  s
      0.22278085             1.0000000        
    4  p
     26.9531290              0.0161302        
      6.01777874             0.1007562        
      1.7606264              0.3305209        
      0.56064983             0.5525926        
    1  p
      0.17525619             1.0000000        
    1  d
      0.89591019             1.0000000        
*
n   TZP-DKH
*
    5  s
  10259.65669438             0.0021856        
   1542.36864597             0.0133144        
    352.92239285             0.0649761        
    100.80632697             0.2436543        
     33.10725394             0.6758693        
    2  s
     11.88253928             0.5620126        
      4.46790829             0.4379873        
    1  s
      1.19676433             1.0000000        
    1  s
      0.63915992             1.0000000        
    1  s
      0.19744232             1.0000000        
    4  p
     49.11376009             0.0105197        
     11.32541037             0.0708665        
      3.42249686             0.2816615        
      1.1785157              0.6369520        
    1  p
      0.43449114             1.0000000        
    1  p
      0.15193747             1.0000000        
    1  d
      1.7291770              1.0000000        
    1  d
      0.5083460              1.0000000        
    1  f
      1.1635804              1.0000000        
*
n   ANO-RCC-VTZP
*
    14  s
  74761.7150000000           0.00011826       
  11123.6540000000           0.00051729       
   2512.6857000000           0.00226666       
    703.7772900000           0.00914529       
    225.4787900000           0.03239343       
     79.6158100000           0.09770793       
     30.2372830000           0.23170368       
     12.2636220000           0.37688989       
      5.2650860000           0.31774207       
      2.3334710000           0.08211309       
      0.9018560000           0.00331209       
      0.3583360000           0.00372082       
      0.1410930000           0.00316542       
      0.0493830000           0.00045958       
    14  s
  74761.7150000000          -0.00002707       
  11123.6540000000          -0.00011837       
   2512.6857000000          -0.00052038       
    703.7772900000          -0.00210293       
    225.4787900000          -0.00756820       
     79.6158100000          -0.02346767       
     30.2372830000          -0.06042901       
     12.2636220000          -0.11705491       
      5.2650860000          -0.15553215       
      2.3334710000          -0.02468935       
      0.9018560000           0.36250545       
      0.3583360000           0.55508450       
      0.1410930000           0.21483769       
      0.0493830000           0.00898385       
    14  s
  74761.7150000000           0.00001876       
  11123.6540000000           0.00008118       
   2512.6857000000           0.00036590       
    703.7772900000           0.00144304       
    225.4787900000           0.00553184       
     79.6158100000           0.01724359       
     30.2372830000           0.05279548       
     12.2636220000           0.11528813       
      5.2650860000           0.23525939       
      2.3334710000          -0.04896387       
      0.9018560000          -1.02321774       
      0.3583360000          -0.14815866       
      0.1410930000           1.02155754       
      0.0493830000           0.17240183       
    14  s
  74761.7150000000          -0.00004944       
  11123.6540000000          -0.00020734       
   2512.6857000000          -0.00098676       
    703.7772900000          -0.00354228       
    225.4787900000          -0.01480997       
     79.6158100000          -0.03791568       
     30.2372830000          -0.12570554       
     12.2636220000          -0.14562395       
      5.2650860000          -0.47325710       
      2.3334710000           0.89687591       
      0.9018560000           1.25975854       
      0.3583360000          -2.53303820       
      0.1410930000           0.89234315       
      0.0493830000           0.54477257       
    9  p
    126.6665700000           0.00123363       
     29.8373890000           0.00949341       
      9.3940380000           0.04293962       
      3.4051040000           0.13629254       
      1.3500000000           0.29213625       
      0.5576960000           0.38878876       
      0.2324490000           0.29468014       
      0.0942640000           0.08012876       
      0.0329920000           0.00054052       
    9  p
    126.6665700000          -0.00146623       
     29.8373890000          -0.01182148       
      9.3940380000          -0.04983126       
      3.4051040000          -0.17309042       
      1.3500000000          -0.47323708       
      0.5576960000          -0.20551132       
      0.2324490000           0.59103798       
      0.0942640000           0.45117968       
      0.0329920000           0.01367472       
    9  p
    126.6665700000           0.00265721       
     29.8373890000           0.02785593       
      9.3940380000           0.10179588       
      3.4051040000           0.50382639       
      1.3500000000           0.51531948       
      0.5576960000          -1.25011385       
      0.2324490000           0.02506035       
      0.0942640000           0.70769297       
      0.0329920000           0.01393975       
    4  d
      2.7500000000           0.14730165       
      0.9625000000           0.55021826       
      0.3368750000           0.44525604       
      0.1179060000           0.04942869       
    4  d
      2.7500000000          -0.44408434       
      0.9625000000          -0.59138480       
      0.3368750000           0.86513362       
      0.1179060000           0.16640483         
    3  f
      1.8000000000           0.33209008       
      0.7200000000           0.56991055       
      0.2880000000           0.28683273 
*
n   QZP-DKH
*
    6  s
  33756.09280182             0.0007315        
   5171.54456387             0.0035201        
   1201.58270859             0.0162529        
    339.89996302             0.0664077        
    107.18829283             0.2378668        
     36.34285747             0.6752206        
    1  s
     13.0124189              1.0000000        
    1  s
      4.76935355             1.0000000        
    1  s
      1.26608685             1.0000000        
    1  s
      0.51561424             1.0000000        
    1  s
      0.17548216             1.0000000        
    4  p
    111.36093291             0.0060748        
     25.79833493             0.0475923        
      7.82929062             0.2253367        
      2.70129304             0.7209960        
    1  p
      1.02623864             1.0000000        
    1  p
      0.39312803             1.0000000        
    1  p
      0.13795767             1.0000000        
    1  d
      2.6737200              1.0000000        
    1  d
      1.0050355              1.0000000        
    1  d
      0.3660760              1.0000000        
    1  f
      2.0306010              1.0000000        
    1  f
      0.7213290              1.0000000        
    1  g
      1.4543700              1.0000000        
*
$end
