$basis
*
na   DZP-DKH
*
    5  s
  16553.56559413             0.0038050        
   2940.47406221             0.0169347        
    767.36004763             0.0653013        
    251.77588539             0.2186535        
     82.04765196             0.6953053        
    2  s
      2.8387095              0.3465855        
      1.07750033             0.6534144        
    1  s
     27.62077565             1.0000000        
    1  s
     10.11667327             1.0000000        
    1  s
      0.39112996             1.0000000        
    1  s
      0.11728961             1.0000000        
    1  s
      0.03434895             1.0000000        
    6  p
    167.60332052             0.0035311        
     40.45539463             0.0238380        
     13.02408063             0.0969902        
      4.57131084             0.2546959        
      1.60351806             0.3735144        
      0.56247983             0.2474302        
    1  p
      0.19730589             1.0000000        
    1  p
      0.06921069             1.0000000        
    1  p
      0.02427763             1.0000000        
    1  d
      0.0654538              1.0000000        
*
na   TZP-DKH
*
    5  s
  46910.10147426             0.0028260        
   7291.75859272             0.0124703        
   1718.48615212             0.0540846        
    486.97431849             0.2154032        
    153.75560971             0.7152155        
    2  s
      2.55257801             0.4100141        
      0.97487933             0.5899858        
    1  s
     53.40539255             1.0000000        
    1  s
     20.47969926             1.0000000        
    1  s
      8.21230427             1.0000000        
    1  s
      0.38623451             1.0000000        
    1  s
      0.06592569             1.0000000        
    1  s
      0.02575331             1.0000000        
    6  p
    229.39834725            -0.0023313        
     56.79793674            -0.0156585        
     19.04910274            -0.0645043        
      6.96028206            -0.1958078        
      2.61593085            -0.3524019        
      0.98316335            -0.3692958        
    1  p
      0.36950907             1.0000000        
    1  p
      0.13887514             1.0000000        
    1  p
      0.05219440             1.0000000        
    1  p
      0.01961658             1.0000000        
    1  d
      0.1404500              1.0000000        
    1  d
      0.0300040              1.0000000        
    1  f
      0.1413500              1.0000000        
*
$end
