$basis
*
nb   DZP-DKH
*
    8  s
 2647176.52961261            0.0017714        
 457294.91677157             0.0037645        
 163476.25654884             0.0066399        
  53454.99965722             0.0177494        
  19717.46414062             0.0386958        
   7472.76290862             0.0984775        
   2777.02236973             0.2589181        
   1071.12539495             0.5739830        
    2  s
    433.30069504            -0.5580094        
    181.27990015            -0.4419905        
    2  s
     31.19877739            -0.7674576        
     14.07550304            -0.2325423        
    2  s
      5.26274186             0.8038372        
      2.03680408             0.1961627        
    2  s
      0.9266687             -0.6783846        
      0.35374866            -0.3216153        
    1  s
     68.14488671             1.0000000        
    1  s
      0.02058958             1.0000000        
    1  s
      0.06620541             1.0000000        
    7  p
  11862.75549267             0.0011451        
   3473.05312761             0.0032117        
   1446.43343522             0.0111805        
    570.72778707             0.0469726        
    226.76583688             0.1541934        
     95.82006725             0.3511934        
     42.43191005             0.4321028        
    2  p
      8.55451234            -0.5480472        
      3.85495624            -0.4519527        
    3  p
      1.50345997             0.3643442        
      0.67659991             0.4817009        
      0.27911404             0.1539548        
    1  p
     19.33951570             1.0000000        
    1  p
      0.5918400              1.0000000        
    1  p
      0.1775085              1.0000000        
    6  d
    230.52753252             0.0095800        
     68.52379287             0.0628844        
     25.17510472             0.2091281        
      9.99418518             0.3626031        
      4.00263031             0.2977437        
      1.3961519              0.0580604        
    1  d
      0.47770553             1.0000000        
    1  d
      0.14110582             1.0000000        
    1  f
      0.3993900              1.0000000        
*
nb   TZP-DKH
*
    9  s
 8581145.70489003            0.0007186        
 1334483.17670774            0.0019585        
 335751.96683865             0.0044128        
 108364.02370685             0.0095735        
  38635.81925873             0.0210039        
  15200.86086205             0.0440712        
   6403.00310418             0.0991873        
   2604.97587129             0.2530047        
   1037.78813637             0.5660690        
    2  s
     32.52586244             0.6567902        
     16.25422037             0.3432097        
    3  s
      8.21909359            -0.2957827        
      4.0984597             -0.6128154        
      1.99299891            -0.0914018        
    1  s
    424.59583204             1.0000000        
    1  s
    179.67406691             1.0000000        
    1  s
     64.52165986             1.0000000        
    1  s
      0.86911871             1.0000000        
    1  s
      0.37474072             1.0000000        
    1  s
      0.05027146             1.0000000        
    8  p
  23312.28561904             0.0004800        
   5595.66517542             0.0019053        
   1933.63166362             0.0068988        
    804.18342772             0.0225617        
    347.34982785             0.0748830        
    150.5830774              0.2054603        
     66.72624029             0.3694204        
     30.42864994             0.3183903        
    3  p
      1.31522777            -0.4048349        
      0.57542713            -0.4681652        
      0.23135803            -0.1269998        
    1  p
     13.43587225             1.0000000        
    1  p
      6.30136511             1.0000000        
    1  p
      3.01469641             1.0000000        
    1  p
      0.10923773             1.0000000        
    1  p
      0.038408235            1.0000000        
    6  d
    311.20104364             0.0054814        
     91.20961137             0.0404971        
     33.33798508             0.1547690        
     13.52738611             0.3146466        
      5.75102961             0.3363950        
      2.48152082             0.1482107        
    1  d
      0.94581911             1.0000000        
    1  d
      0.33878094             1.0000000        
    1  d
      0.10883689             1.0000000        
    1  f
      0.89199207             1.0000000        
    1  f
      0.24816112             1.0000000        
    1  g
      0.65339081             1.0000000        
*
$end
