$basis
*
ne   DZP-DKH
*
    5  s
  13940.69029299             0.0025594        
   2140.70795406             0.0143051        
    488.75826908             0.0694760        
    135.80780025             0.2602219        
     43.19262691             0.6534375        
    2  s
     15.32362673             0.7500146        
      5.86934944             0.2499853        
    1  s
      1.74282774             1.0000000        
    1  s
      0.49603479             1.0000000        
    4  p
     54.67816613             0.0186084        
     12.4266038              0.1157785        
      3.67954925             0.3449401        
      1.14375027             0.5206729        
    1  p
      0.32941012             1.0000000        
    1  d
      2.22806812             1.0000000        
*
ne   TZP-DKH
*
    5  s
  21250.97587273             0.0025962        
   3196.05873935             0.0138996        
    731.88070941             0.0652422        
    209.23827464             0.2427679        
     68.88165241             0.6754939        
    2  s
     24.87591417             0.5633104        
      9.4238370              0.4366895        
    1  s
      2.34631312             1.0000000        
    1  s
      1.19871952             1.0000000        
    1  s
      0.39905375             1.0000000        
    4  p
     99.44983978             0.0114016        
     23.1005548              0.0783694        
      7.09608648             0.2960059        
      2.4372660              0.6142230        
    1  p
      0.84289049             1.0000000        
    1  p
      0.2677861              1.0000000        
    1  d
      4.0917000              1.0000000        
    1  d
      1.1295300              1.0000000        
    1  f
      2.60614994             1.0000000        
*
$end
