$basis
*
ni   DZP-DKH
*
    6  s
 278445.52629893             0.0031608        
  43814.51496986             0.0100528        
  10779.72874652             0.0310457        
   3349.70776777             0.0908266        
   1165.8551803              0.2583936        
    432.73087195             0.6065201        
    2  s
    169.00438146            -0.6209256        
     68.86085546            -0.3790743        
    2  s
      1.37165661            -0.8038964        
      0.59655144            -0.1961035        
    1  s
     22.22360487             1.0000000        
    1  s
      9.4883189              1.0000000        
    1  s
      2.9643469              1.0000000        
    1  s
      0.1072239              1.0000000        
    1  s
      0.03626922             1.0000000        
    4  p
   3260.65467335             0.0083943        
    803.70337636             0.0483940        
    275.18580532             0.2131707        
    106.71205448             0.7300409        
    2  p
     43.92347484             0.4256278        
     18.83048854             0.5743721        
    3  p
      3.55118605             0.4168955        
      1.47719646             0.4492610        
      0.57755008             0.1338433        
    1  p
      8.36725652             1.0000000        
    1  p
      2.89625879             1.0000000        
    1  p
      0.15816057             1.0000000        
    4  d
     46.31330852             0.0291393        
     12.96343937             0.1520535        
      4.3928259              0.3614113        
      1.48994649             0.4573957        
    1  d
      0.44101185             1.0000000        
    1  f
      2.52918191             1.0000000        
*
ni   TZP-DKH
*
    6  s
 373105.93515555             0.0042652        
  59462.29397186             0.0128287        
  15372.00196534             0.0353775        
   5197.42804044             0.0876421        
   2009.65356806             0.2300029        
    770.61858677             0.6298833        
    2  s
    116.59982958             0.7783849        
     47.93114813             0.2216150        
    2  s
      2.87511599             0.4240095        
      1.23408675             0.5759904        
    1  s
    294.46332193             1.0000000        
    1  s
     18.39222261             1.0000000        
    1  s
      7.89683314             1.0000000        
    1  s
      0.50522737             1.0000000        
    1  s
      0.14887195             1.0000000        
    1  s
      0.05021283             1.0000000        
    5  p
   4816.62180566             0.0032250        
   1203.67523284             0.0170830        
    430.57602654             0.0678925        
    178.46092103             0.2326100        
     76.37589921             0.6791891        
    2  p
     33.20021885             0.4818959        
     14.81701297             0.5181040        
    3  p
      2.98032196             0.3482470        
      1.29229106             0.3357839        
      0.52229171             0.3159689        
    1  p
      6.62308548             1.0000000        
    1  p
      0.51697971             1.0000000        
    1  p
      0.13229171             1.0000000        
    4  d
     72.04700293             0.0182710        
     20.2359781              0.1165379        
      6.93843531             0.3511788        
      2.64335261             0.5140122        
    1  d
      1.0917288              1.0000000        
    1  d
      0.42501219             1.0000000        
    1  f
      4.53550658             1.0000000        
    1  f
      1.12300849             1.0000000        
    1  g
      2.88175814             1.0000000        
*
$end
