$basis
*
o   DZP-DKH
*
    5  s
   8897.19445619             0.0023229        
   1365.2653881              0.0140091        
    311.21828724             0.0694697        
     86.33353862             0.2611441        
     27.42841118             0.6530540        
    2  s
      9.74740298             0.7418317        
      3.7710995              0.2581682        
    1  s
      1.04455407             1.0000000        
    1  s
      0.30382295             1.0000000        
    4  p
     34.75998468             0.0172481        
      7.80757529             0.1079455        
      2.29096903             0.3383584        
      0.71677956             0.5364479        
    1  p
      0.21323853             1.0000000        
    1  d
      1.25011953             1.0000000        
*
o   TZP-DKH
*
    5  s
  12870.84508387             0.0023837        
   1952.24777235             0.0137057        
    454.02969464             0.0650429        
    130.28372806             0.2437828        
     42.7927326              0.6750847        
    2  s
     15.44629006             0.5660187        
      5.87766148             0.4339812        
    1  s
      1.53426392             1.0000000        
    1  s
      0.81600697             1.0000000        
    1  s
      0.2601108              1.0000000        
    4  p
     63.35247031             0.0109150        
     14.66997581             0.0740203        
      4.46631945             0.2882587        
      1.53127988             0.6268059        
    1  p
      0.5440053              1.0000000        
    1  p
      0.1799847              1.0000000        
    1  d
      2.3901600              1.0000000        
    1  d
      0.6818330              1.0000000        
    1  f
      1.5109480              1.0000000        
*
o   ANO-RCC-VTZP
*
    14  s
 105374.9500000000           0.00012386       
  15679.2400000000           0.00051201       
   3534.5447000000           0.00215291       
    987.3651600000           0.00852844       
    315.9787500000           0.03018049       
    111.6542800000           0.09099702       
     42.6994510000           0.21779364       
     17.3955960000           0.36862457       
      7.4383090000           0.33667073       
      3.2228620000           0.09657630       
      1.2538770000           0.00214452       
      0.4951550000           0.00119435       
      0.1916650000           0.00053902       
      0.0670830000           0.00021034       
    14  s
 105374.9500000000          -0.00002815       
  15679.2400000000          -0.00011630       
   3534.5447000000          -0.00049092       
    987.3651600000          -0.00194616       
    315.9787500000          -0.00700530       
    111.6542800000          -0.02167814       
     42.6994510000          -0.05641213       
     17.3955960000          -0.11270530       
      7.4383090000          -0.15891197       
      3.2228620000          -0.03355083       
      1.2538770000           0.35319028       
      0.4951550000           0.55341993       
      0.1916650000           0.23018391       
      0.0670830000           0.01127267       
    14  s
 105374.9500000000           0.00002616       
  15679.2400000000           0.00010748       
   3534.5447000000           0.00045972       
    987.3651600000           0.00179555       
    315.9787500000           0.00667574       
    111.6542800000           0.02053445       
     42.6994510000           0.05828602       
     17.3955960000           0.12129691       
      7.4383090000           0.22641475       
      3.2228620000          -0.04238700       
      1.2538770000          -1.01045538       
      0.4951550000          -0.15386868       
      0.1916650000           0.99345320       
      0.0670830000           0.18587254       
    14  s
 105374.9500000000          -0.00005058       
  15679.2400000000          -0.00020024       
   3534.5447000000          -0.00091952       
    987.3651600000          -0.00320240       
    315.9787500000          -0.01359974       
    111.6542800000          -0.03392296       
     42.6994510000          -0.11685462       
     17.3955960000          -0.14040275       
      7.4383090000          -0.47546666       
      3.2228620000           0.83350096       
      1.2538770000           1.30186138       
      0.4951550000          -2.48175844       
      0.1916650000           0.81134659       
      0.0670830000           0.58210417       
    9  p
    200.0000000000           0.00091730       
     46.5333670000           0.00737714       
     14.6218090000           0.03483515       
      5.3130640000           0.11443970       
      2.1025250000           0.25549664       
      0.8502230000           0.37225574       
      0.3375970000           0.33233149       
      0.1288920000           0.14008479       
      0.0451120000           0.02395784       
    9  p
    200.0000000000          -0.00087213       
     46.5333670000          -0.00706424       
     14.6218090000          -0.03330489       
      5.3130640000          -0.11441275       
      2.1025250000          -0.29901068       
      0.8502230000          -0.31986054       
      0.3375970000           0.20550900       
      0.1288920000           0.59359268       
      0.0451120000           0.28229027       
    9  p
    200.0000000000           0.00129603       
     46.5333670000           0.01151279       
     14.6218090000           0.05159120       
      5.3130640000           0.20459407       
      2.1025250000           0.55019345       
      0.8502230000          -0.14872038       
      0.3375970000          -0.89690085       
      0.1288920000           0.24707597       
      0.0451120000           0.64443405       
    4  d
      3.7500000000           0.13609758       
      1.3125000000           0.51401475       
      0.4593750000           0.47407125       
      0.1607810000           0.08166905       
    4  d
      3.7500000000          -0.39151953       
      1.3125000000          -0.62262728       
      0.4593750000           0.72160073       
      0.1607810000           0.31870103       
    3  f
      2.3500000000           0.33460642       
      0.9400000000           0.56136672       
      0.3760000000           0.29572786       
*
o   QZP-DKH
*
    6  s
  44147.83229459             0.0008005        
   6765.02954553             0.0036605        
   1572.27028683             0.0164522        
    444.9790091              0.0665835        
    140.4452637              0.2378609        
     47.69826313             0.6746421        
    1  s
     17.15907213             1.0000000        
    1  s
      6.33918778             1.0000000        
    1  s
      1.74427248             1.0000000        
    1  s
      0.70880065             1.0000000        
    1  s
      0.23992974             1.0000000        
    4  p
    137.95232259             0.0063037        
     31.96710724             0.0492093        
      9.73144594             0.2322100        
      3.3775634              0.7122768        
    1  p
      1.27008334             1.0000000        
    1  p
      0.47167423             1.0000000        
    1  p
      0.15927889             1.0000000        
    1  d
      3.78520234             1.0000000        
    1  d
      1.36599065             1.0000000        
    1  d
      0.47681133             1.0000000        
    1  f
      2.6656900              1.0000000        
    1  f
      0.88935698             1.0000000        
    1  g
      1.91794008             1.0000000        
*
$end
