$basis
*
p   DZP-DKH
*
    5  s
  77974.00242233             0.0034122        
  12089.93860872             0.0137430        
   2831.85299912             0.0561942        
    797.63499030             0.2182803        
    250.54065009             0.7083701        
    2  s
      4.43394852             0.5058959        
      1.70489853             0.4941040        
    1  s
     86.36613722             1.0000000        
    1  s
     32.43586281             1.0000000        
    1  s
     12.80997230             1.0000000        
    1  s
      0.29955004             1.0000000        
    1  s
      0.11847108             1.0000000        
    6  p
    698.58617725             0.0014015        
    164.42668315             0.0107930        
     51.58304203             0.0535873        
     18.54027938             0.1774958        
      7.14211567             0.3609388        
      2.8306961              0.3957832        
    1  p
      1.13094785             1.0000000        
    1  p
      0.37464227             1.0000000        
    1  p
      0.11564729             1.0000000        
    1  d
      0.37291129             1.0000000        
*
p   TZP-DKH
*
    5  s
 105893.2073792              0.0040973        
  16320.82641806             0.0159271        
   3893.86142814             0.0597172        
   1144.86989448             0.2176006        
    375.27561109             0.7026576        
    2  s
      6.21597163            -0.5893428        
      2.7094359             -0.4106571        
    1  s
    133.22484399             1.0000000        
    1  s
     49.70707715             1.0000000        
    1  s
     19.0165987              1.0000000        
    1  s
      1.94617654             1.0000000        
    1  s
      0.36434903             1.0000000        
    1  s
      0.13790009             1.0000000        
    6  p
    653.90840732             0.0016183        
    167.62588955             0.0107604        
     55.45135875             0.0508036        
     20.55820884             0.1676842        
      8.19725119             0.3487954        
      3.41519163             0.4203379        
    1  p
      1.47928869             1.0000000        
    1  p
      0.6028825              1.0000000        
    1  p
      0.22679656             1.0000000        
    1  p
      0.08312664             1.0000000        
    1  d
      0.2144150              1.0000000        
    1  d
      0.6183750              1.0000000        
    1  f
      0.4862304              1.0000000        
*
$end
