$basis
*
pd   DZP-DKH
*
    9  s
 11437261.29738128          -0.0011795        
 2265314.71775539           -0.0039777        
 674634.30277928            -0.0044321        
 289534.11730807            -0.0091522        
 109592.16018243            -0.0218628        
  50658.86455336            -0.0333051        
  18996.48708033            -0.1059677        
   6957.42123918            -0.2488671        
   2708.31520512            -0.5712555        
    2  s
   1099.10890027            -0.4272020        
    470.51477198            -0.5727979        
    2  s
     75.90415599            -0.3738512        
     36.51735265            -0.6261487        
    2  s
      7.30877612            -0.7976606        
      3.25187455            -0.2023393        
    1  s
    208.59758271             1.0000000        
    1  s
     16.59126357             1.0000000        
    1  s
      1.46460230             1.0000000        
    1  s
      0.57977508             1.0000000        
    7  p
  20874.80782355             0.0009956        
   4901.35138242             0.0038540        
   1777.98399672             0.0133832        
    695.74581149             0.0512603        
    283.78879457             0.1582230        
    122.48409202             0.3515915        
     55.58056926             0.4206921        
    2  p
     11.98636537            -0.5222993        
      5.54235795            -0.4777006        
    3  p
      2.0872662              0.5064646        
      0.89761184             0.4569490        
      0.33379647             0.0365863        
    1  p
     26.03274009             1.0000000        
    1  p
      0.4168982              1.0000000        
    1  p
      0.0864491              1.0000000        
    6  d
    479.03528606             0.0045982        
    130.51042484             0.0397377        
     45.84800195             0.1652112        
     17.97001702             0.3544164        
      7.22102435             0.3564224        
      2.64184313             0.0796140        
    1  d
      0.92641479             1.0000000        
    1  d
      0.25806916             1.0000000        
    1  f
      0.8520000              1.0000000        
*
pd   TZP-DKH
*
    9  s
 16394098.88131892           0.0012659        
 2655217.51483467            0.0034245        
 678776.31228313             0.0075534        
 219665.80501989             0.0155553        
  81242.41475441             0.0305577        
  32967.5288186              0.0613384        
  14377.09197917             0.1178317        
   6473.94850062             0.2482615        
   2940.43362822             0.5142112        
    2  s
   1330.28215143             0.3854673        
    596.99825278             0.6145326        
    2  s
     55.39081866            -0.5114228        
     26.04547709            -0.4885771        
    2  s
     10.42600533             0.3514575        
      5.28863687             0.6485424        
    1  s
    268.59901681             1.0000000        
    1  s
    119.64615224             1.0000000        
    1  s
      2.29492553             1.0000000        
    1  s
      1.10893497             1.0000000        
    1  s
      0.45778304             1.0000000        
    8  p
  22207.25359508             0.0007816        
   5471.41335116             0.0029490        
   1918.49567406             0.0104012        
    809.61512757             0.0316282        
    364.89914565             0.0921182        
    166.27815463             0.2256585        
     76.83458475             0.3631451        
     36.22989414             0.2733178        
    3  p
      1.8308907             -0.4865649        
      0.81484159            -0.4181134        
      0.32778734            -0.0953215        
    1  p
     16.4595431              1.0000000        
    1  p
      7.91800554             1.0000000        
    1  p
      3.87111672             1.0000000        
    1  p
      0.075946835            1.0000000        
    6  d
    468.32921888             0.0046036        
    136.08537428             0.0359169        
     49.37223726             0.1480766        
     19.90823127             0.3258531        
      8.41205724             0.3570394        
      3.5848421              0.1285102        
    1  d
      1.44637137             1.0000000        
    1  d
      0.52413985             1.0000000        
    1  d
      0.16165741             1.0000000        
    1  f
      1.63574112             1.0000000        
    1  f
      0.48435811             1.0000000        
    1  g
      1.35057114             1.0000000        
*
$end
