$basis
*
rb   DZP-DKH
*
    8  s
 1859845.62249653            0.0017544        
 399767.33236293             0.0029902        
 129981.60190099             0.0072388        
  43888.81234515             0.0160614        
  16948.64772502             0.0348190        
   6745.99144379             0.0886842        
   2522.1394260              0.2484257        
    945.94756233             0.6000260        
    2  s
    369.80598607            -0.5459730        
    149.61856848            -0.4540269        
    2  s
     23.0840127              0.7932343        
     10.43332922             0.2067656        
    2  s
      4.07341931             0.7554109        
      1.70482127             0.2445890        
    2  s
      0.61211073             0.5354421        
      0.2303685              0.4645578        
    1  s
     48.97818738             1.0000000        
    1  s
      0.03343568             1.0000000        
    1  s
      0.01645421             1.0000000        
    7  p
  10099.59691782             0.0009313        
   2546.23067176             0.0041422        
    925.06517275             0.0143568        
    397.88271556             0.0490951        
    165.84753682             0.1612123        
     70.35232805             0.3560386        
     30.97285152             0.4142233        
    2  p
      6.05296461            -0.5336350        
      2.64070479            -0.4663649        
    3  p
      0.94994393             0.2645714        
      0.42776265             0.4670510        
      0.17378916             0.2683774        
    1  p
     13.76306510             1.0000000        
    1  p
      0.0279673              1.0000000        
    1  p
      0.0116646              1.0000000        
    5  d
    131.46467706             0.0161821        
     38.1573394              0.0977771        
     13.5180840              0.2777358        
      4.98610435             0.3934092        
      1.74825724             0.2148956        
    1  d
      0.3776200              1.0000000        
*
rb   TZP-DKH
*
    8  s
 3739746.25060054            0.0012369        
 577563.02778853             0.0034382        
 139835.54976157             0.0086039        
  43084.3825577              0.0199164        
  15426.57773886             0.0449441        
   6199.15697858             0.0992376        
   2579.69748769             0.2444438        
   1047.93768913             0.5781790        
    2  s
    181.6181516              0.7981082        
     77.13409799             0.2018917        
    2  s
     36.5460272              0.4948519        
     17.59772125             0.5051480        
    3  s
      8.43711814            -0.0220757        
      4.19933738            -0.6382406        
      2.08598299            -0.3396835        
    1  s
    428.62269126             1.0000000        
    1  s
      0.80784511             1.0000000        
    1  s
      0.40392907             1.0000000        
    1  s
      0.1933064              1.0000000        
    1  s
      0.02453644             1.0000000        
    8  p
  18263.34077532             0.0004219        
   4376.45136895             0.0017838        
   1530.21368441             0.0065207        
    636.90362256             0.0224716        
    268.96109305             0.0783042        
    114.28545366             0.2156036        
     50.03178296             0.3738392        
     22.63971584             0.3010545        
    2  p
      4.59261339            -0.6230556        
      2.13332672            -0.3769443        
    2  p
      0.87560981             0.4133152        
      0.36688434             0.5866847        
    1  p
     10.01200025             1.0000000        
    1  p
      0.14550725             1.0000000        
    1  p
      0.0632145845           1.0000000        
    1  p
      0.019539569            1.0000000        
    5  d
    126.33778704             0.0174056        
     36.70963339             0.1029847        
     13.04469742             0.2837758        
      4.83259033             0.3903253        
      1.70567407             0.2055084        
    1  d
      0.41209482             1.0000000        
    1  d
      0.06849964             1.0000000        
    1  f
      0.07757084             1.0000000        
*
$end
