$basis
*
rh   DZP-DKH
*
    8  s
 2884494.5274652            -0.0022329        
 612988.02186496            -0.0056569        
 191321.96339931            -0.0071719        
  62425.39919639            -0.0221926        
  22335.36741682            -0.0495202        
   9195.2220216             -0.0894055        
   3692.45539385            -0.2591562        
   1443.18320881            -0.5646636        
    2  s
    574.40819194            -0.5397578        
    235.33590577            -0.4602421        
    2  s
     40.85742283            -0.7233276        
     18.95264617            -0.2766723        
    2  s
      7.09096883             0.7687304        
      3.01038734             0.2312695        
    2  s
      1.25103809            -0.7719302        
      0.47580076            -0.2280697        
    1  s
     86.25195573             1.0000000        
    1  s
      0.02335264             1.0000000        
    1  s
      0.07560319             1.0000000        
    7  p
  14901.7117588              0.0011537        
   5157.10885949             0.0027598        
   1785.50730789             0.0139875        
    657.45709113             0.0533211        
    267.73468475             0.1598697        
    117.41239574             0.3461978        
     54.07969456             0.4227100        
    2  p
     11.19976479            -0.5248859        
      5.14312963            -0.4751140        
    3  p
      2.09026925             0.3990650        
      0.93509606             0.4703566        
      0.38381066             0.1305783        
    1  p
     25.37897575             1.0000000        
    1  p
      0.1825727              1.0000000        
    1  p
      0.0457754              1.0000000        
    6  d
    330.54861639             0.0079830        
     97.17152848             0.0556683        
     35.76747261             0.1972486        
     14.34976536             0.3668264        
      5.88321427             0.3142460        
      2.16097749             0.0580274        
    1  d
      0.77506824             1.0000000        
    1  d
      0.23653019             1.0000000        
    1  f
      0.7482000              1.0000000        
*
rh   TZP-DKH
*
    11  s
 3804470.52408509            0.0006692        
 600319.14750127             0.0017815        
 149593.65972544             0.0041890        
  48336.10505841             0.0089490        
  18188.07860651             0.0188318        
   7505.67531466             0.0395493        
   3219.39994412             0.0892364        
   1360.38210008             0.1930842        
    572.67177209             0.3280111        
    245.20087692             0.2800960        
     97.56087173             0.0356020        
    2  s
     12.8076254              0.2072555        
      6.39415092             0.7927444        
    1  s
     49.23997807             1.0000000        
    1  s
     24.26668673             1.0000000        
    1  s
      3.28414542             1.0000000        
    1  s
      1.33169217             1.0000000        
    1  s
      0.5635270              1.0000000        
    1  s
      0.09145209             1.0000000        
    1  s
      0.03434845             1.0000000        
    7  p
  21431.18615042             0.0010391        
   5282.46137798             0.0039557        
   1849.44795946             0.0141316        
    779.23486071             0.0432042        
    351.40609708             0.1258348        
    160.37585747             0.3097776        
     74.16789163             0.5020568        
    2  p
      7.66467765            -0.6669859        
      3.75574227            -0.3330140        
    3  p
      1.7589533             -0.4921214        
      0.78642667            -0.3949044        
      0.32120836            -0.1129740        
    1  p
     34.98601375             1.0000000        
    1  p
     15.94130814             1.0000000        
    1  p
      0.04320618             1.0000000        
    6  d
    472.56616866             0.0040369        
    137.31861329             0.0319709        
     49.86286764             0.1349053        
     20.18028062             0.3077777        
      8.58941274             0.3610578        
      3.7393933              0.1602512        
    1  d
      1.50350395             1.0000000        
    1  d
      0.55869489             1.0000000        
    1  d
      0.18184595             1.0000000        
    1  f
      1.61453202             1.0000000        
    1  f
      0.48964913             1.0000000        
    1  g
      1.25202413             1.0000000        
*
$end
