$basis
*
ru   DZP-DKH
*
    8  s
 2570066.23316876            0.0021136        
 577076.69794713             0.0037457        
 181502.48207906             0.0080890        
  66068.82154153             0.0165050        
  24801.43317493             0.0407513        
   9041.30244477             0.1018866        
   3363.11647309             0.2557961        
   1300.20521635             0.5711123        
    2  s
    520.50863144            -0.5504563        
    215.1329861             -0.4495436        
    2  s
     36.04117033            -0.7726665        
     15.95457817            -0.2273334        
    2  s
      6.71765862             0.7573772        
      3.03211453             0.2426227        
    2  s
      1.10914852            -0.7907320        
      0.4399249             -0.2092679        
    1  s
     77.65227294             1.0000000        
    1  s
      0.06945088             1.0000000        
    1  s
      0.02011606             1.0000000        
    7  p
  16364.03439489             0.0010703        
   4506.83503512             0.0033712        
   1674.42461191             0.0130391        
    652.77539066             0.0489417        
    271.51580069             0.1478216        
    118.46396693             0.3420914        
     53.34197249             0.4436643        
    2  p
     10.79237836            -0.5102952        
      4.89847969            -0.4897047        
    3  p
      2.0120531              0.3577561        
      0.89971331             0.4998272        
      0.36562072             0.1424165        
    1  p
     24.55158335             1.0000000        
    1  p
      0.1873176              1.0000000        
    1  p
      0.0367516              1.0000000        
    6  d
    307.23219126             0.0082013        
     89.82535922             0.0570139        
     33.07620495             0.1985436        
     13.26497302             0.3647570        
      5.40651589             0.3126190        
      1.95045933             0.0588649        
    1  d
      0.69272513             1.0000000        
    1  d
      0.20646625             1.0000000        
    1  f
      0.5232228              1.0000000        
*
ru   TZP-DKH
*
    9  s
 3451353.77133021            0.0010323        
 551105.70533797             0.0026924        
 138967.53809736             0.0063762        
  46179.70036789             0.0128095        
  18196.70909004             0.0260362        
   7630.49261861             0.0573237        
   3268.28428882             0.1255873        
   1384.25505096             0.2856206        
    577.78384552             0.4825214        
    2  s
     45.96443513             0.5171568        
     21.52457434             0.4828431        
    2  s
      8.50673097            -0.4731901        
      4.15824427            -0.5268098        
    2  s
      1.50459353             0.3388171        
      0.75114502             0.6611828        
    1  s
    242.7478171              1.0000000        
    1  s
     95.96985639             1.0000000        
    1  s
      0.34819762             1.0000000        
    1  s
      0.09005437             1.0000000        
    1  s
      0.03339473             1.0000000        
    8  p
  19642.60840236             0.0007597        
   4869.87473272             0.0029207        
   1737.63901211             0.0099975        
    756.86571627             0.0290833        
    348.20633344             0.0854126        
    158.90824418             0.2162332        
     73.0738836              0.3627214        
     34.27481392             0.2928712        
    3  p
      1.68178301            -0.4339884        
      0.74854220            -0.4491865        
      0.30426518            -0.1168249        
    1  p
     15.56264412             1.0000000        
    1  p
      7.46068575             1.0000000        
    1  p
      3.65121502             1.0000000        
    1  p
      0.13584226             1.0000000        
    1  p
      0.04162421             1.0000000        
    6  d
    465.02610233             0.0037076        
    134.44135236             0.0298909        
     48.68057637             0.1278537        
     19.69075263             0.2975758        
      8.37951695             0.3620659        
      3.64916324             0.1789059        
    1  d
      1.43403385             1.0000000        
    1  d
      0.52668865             1.0000000        
    1  d
      0.16935441             1.0000000        
    1  f
      1.41208879             1.0000000        
    1  f
      0.4107260              1.0000000        
    1  g
      1.08232217             1.0000000        
*
$end
