$basis
*
s   DZP-DKH
*
    5  s
  88298.52965731             0.0037231        
  13783.75049251             0.0144966        
   3273.99080251             0.0569731        
    933.93904998             0.2171714        
    294.47682844             0.7076356        
    2  s
      5.19930244             0.5076446        
      2.03425969             0.4923553        
    1  s
    101.30556573             1.0000000        
    1  s
     37.95800089             1.0000000        
    1  s
     15.05040359             1.0000000        
    1  s
      0.3877228              1.0000000        
    1  s
      0.15157298             1.0000000        
    6  p
    759.75242296             0.0015116        
    180.00565026             0.0113965        
     56.73558346             0.0560869        
     20.36270362             0.1849910        
      7.76216777             0.3713178        
      3.02062956             0.3746960        
    1  p
      1.11706212             1.0000000        
    1  p
      0.41415858             1.0000000        
    1  p
      0.12911675             1.0000000        
    1  d
      0.47158905             1.0000000        
*
s   TZP-DKH
*
    5  s
 131334.98114592             0.0045222        
  20181.90041917             0.0170834        
   4835.70463137             0.0613800        
   1439.7381539              0.2163513        
    476.15426264             0.7006628        
    2  s
      3.37495581            -0.6416942        
      1.51749916            -0.3583057        
    1  s
    168.68252004             1.0000000        
    1  s
     62.92253974             1.0000000        
    1  s
     24.33329987             1.0000000        
    1  s
      6.86573753             1.0000000        
    1  s
      0.44651463             1.0000000        
    1  s
      0.16174242             1.0000000        
    6  p
    754.1523594              0.0016298        
    193.63344693             0.0107176        
     64.14106193             0.0507981        
     23.75714449             0.1689232        
      9.45234322             0.3528926        
      3.93996824             0.4150384        
    1  p
      1.72080555             1.0000000        
    1  p
      0.77076298             1.0000000        
    1  p
      0.28737379             1.0000000        
    1  p
      0.1011323              1.0000000        
    1  d
      0.2648390              1.0000000        
    1  d
      0.7813370              1.0000000        
    1  f
      0.5837900              1.0000000        
*
$end
