$basis
*
sb   DZP-DKH
*
    8  s
 4576912.39461047           -0.0022886        
 722274.85585881            -0.0057420        
 180461.44189899            -0.0139556        
  58510.85396354            -0.0268979        
  22407.98050811            -0.0569897        
   9397.19468637            -0.1094959        
   3988.08004008            -0.2571553        
   1658.51236772            -0.5274747        
    2  s
    689.53631958            -0.5571336        
    290.33252531            -0.4428663        
    2  s
     51.76115244            -0.6955033        
     25.43660363            -0.3044966        
    2  s
     10.68711246            -0.6762834        
      5.35097749            -0.3237165        
    2  s
      2.08203748             0.6759606        
      0.94593102             0.3240393        
    1  s
    103.03896014             1.0000000        
    1  s
      0.23237717             1.0000000        
    1  s
      0.08908140             1.0000000        
    6  p
  17526.99848246             0.0025362        
   4338.38561674             0.0093262        
   1521.20209475             0.0363130        
    625.08384057             0.1016745        
    269.92029289             0.3195598        
    119.21923344             0.5305899        
    2  p
     24.01714113            -0.1833073        
     11.38682967            -0.8166926        
    4  p
      5.48204731            -0.0651330        
      2.57971786             0.5272597        
      1.16867338             0.3910977        
      0.4633580              0.0165093        
    1  p
     54.10285183             1.0000000        
    1  p
      0.18646747             1.0000000        
    1  p
      0.06892036             1.0000000        
    6  d
    482.52442053             0.0073123        
    144.20982987             0.0505971        
     54.02687331             0.1845474        
     22.27295388             0.3619695        
      9.5347044              0.3297735        
      3.84640851             0.0657999        
    1  d
      1.54677239             1.0000000        
    1  d
      0.56155038             1.0000000        
    1  f
      1.7468010              1.0000000        
*
sb   TZP-DKH
*
    7  s
 5582873.0153224            -0.0052025        
 879632.17826077            -0.0135524        
 219858.53695954            -0.0311611        
  71510.44516702            -0.0622302        
  27203.56806901            -0.1277329        
  11415.28340729            -0.2410494        
   5056.98602308            -0.5190711        
    2  s
   2212.07133111             0.3528353        
    954.45988652             0.6471646        
    2  s
    420.42821589            -0.7016149        
    192.1828529             -0.2983850        
    2  s
     77.80880844             0.5124587        
     35.70705937             0.4875412        
    2  s
     14.34975064             0.2616018        
      7.16562186             0.7383981        
    2  s
      3.1654841             -0.2668922        
      1.56291467            -0.7331077        
    1  s
      0.7447576              1.0000000        
    1  s
      0.22945256             1.0000000        
    1  s
      0.08699455             1.0000000        
    8  p
  26055.67624579             0.0009528        
   6389.07887714             0.0034936        
   2239.11857256             0.0115428        
    946.84224212             0.0356979        
    422.77056503             0.0996477        
    190.04772117             0.2503556        
     87.15850447             0.3478037        
     41.0051232              0.2505057        
    2  p
     18.46825096             0.5512431        
      8.86338104             0.4487568        
    2  p
      2.03231699             0.7466516        
      0.96460687             0.2533483        
    1  p
      4.10560297             1.0000000        
    1  p
      0.39250261             1.0000000        
    1  p
      0.16506433             1.0000000        
    1  p
      0.06393081             1.0000000        
    7  d
    850.86641522             0.0024054        
    256.13437409             0.0182550        
     96.44163194             0.0839113        
     40.09512809             0.2358978        
     17.44203029             0.3717164        
      7.80934835             0.2552237        
      3.27256056             0.0325902        
    1  d
      1.33882083             1.0000000        
    1  d
      0.49916163             1.0000000        
    1  d
      0.249580815            1.0000000        
    1  f
      3.24496442             1.0000000        
    1  f
      1.05774061             1.0000000        
    1  g
      2.49959355             1.0000000        
*
$end
