$basis
*
sc   DZP-DKH
*
    6  s
 348385.79779449             0.0019417        
  53583.94703134             0.0063733        
  12685.05430358             0.0208850        
   3673.88065898             0.0695502        
   1172.4891803              0.2325910        
    400.60028978             0.6686584        
    2  s
      9.39283333             0.5213931        
      4.02702612             0.4786068        
    2  s
      1.16226225            -0.4813564        
      0.4751614             -0.5186435        
    1  s
    146.88113814             1.0000000        
    1  s
     57.46823922             1.0000000        
    1  s
     22.42495234             1.0000000        
    1  s
      0.0733227              1.0000000        
    1  s
      0.03921343             1.0000000        
    4  p
   1883.80437677             0.0062245        
    448.06013767             0.0435336        
    144.48948326             0.2135109        
     54.13051204             0.7367309        
    2  p
     22.17183477             0.4234828        
      9.5579458              0.5765171        
    3  p
      1.74066243             0.0000030        
      0.71936088             0.7362238        
      0.28209021             0.2637730        
    1  p
      4.26468621             1.0000000        
    1  p
      1.7415200              1.0000000        
    1  p
      0.0844900              1.0000000        
    4  d
     18.63714134             0.0279182        
      4.95612503             0.1406040        
      1.60515624             0.3470067        
      0.52498413             0.4844709        
    1  d
      0.1538763              1.0000000        
    1  f
      0.2943800              1.0000000        
*
sc   TZP-DKH
*
    7  s
 605916.5255656              0.0009744        
  92019.5154601              0.0031061        
  22175.41439313             0.0089874        
   6936.89645039             0.0250664        
   2401.91423272             0.0772423        
    843.00307187             0.2432570        
    304.1681387              0.6413661        
    2  s
      6.44408249             0.7196108        
      3.00072913             0.2803891        
    1  s
    115.31901425             1.0000000        
    1  s
     45.46057506             1.0000000        
    1  s
     13.81085805             1.0000000        
    1  s
      1.06543674             1.0000000        
    1  s
      0.43727328             1.0000000        
    1  s
      0.07749891             1.0000000        
    1  s
      0.03042401             1.0000000        
    5  p
   2720.38790516             0.0024377        
    674.78077209             0.0148323        
    234.86636943             0.0651205        
     93.73261226             0.2359251        
     39.24722635             0.6816841        
    2  p
     16.90317148             0.4747126        
      7.49344569             0.5252873        
    3  p
      1.46959989             0.4445393        
      0.62560248             0.4374617        
      0.25120559             0.1179988        
    1  p
      3.38297427             1.0000000        
    1  p
      1.2961925              1.0000000        
    1  p
      0.12122172             1.0000000        
    4  d
     28.68381257             0.0192906        
      7.99563996             0.1063905        
      2.71957237             0.3217269        
      0.99291023             0.5525919        
    1  d
      0.35646045             1.0000000        
    1  d
      0.11815477             1.0000000        
    1  f
      2.8030000              1.0000000        
    1  f
      0.78668857             1.0000000        
    1  g
      0.25087235             1.0000000        
*
$end
