$basis
*
se   DZP-DKH
*
    6  s
 1049998.04204542            0.0034372        
 161630.79841489             0.0099820        
  38887.49430728             0.0280848        
  11268.77322584             0.0806865        
   3616.55267796             0.2366259        
   1252.21939988             0.6411834        
    2  s
    187.83397379            -0.7344165        
     80.44824572            -0.2655834        
    2  s
      4.23990611             0.4853642        
      1.80536551             0.5146357        
    1  s
    467.21308647             1.0000000        
    1  s
     30.65255819             1.0000000        
    1  s
     13.32551602             1.0000000        
    1  s
      0.35952929             1.0000000        
    1  s
      0.15226684             1.0000000        
    5  p
   6795.42739846             0.0025319        
   1603.35232898             0.0141092        
    510.45029628             0.0695293        
    187.96529793             0.2541179        
     75.79015355             0.6597114        
    3  p
      5.91418189             0.4163672        
      2.45386524             0.4772054        
      0.95515833             0.1064272        
    1  p
     32.42275018             1.0000000        
    1  p
     14.41823039             1.0000000        
    1  p
      0.49942204             1.0000000        
    1  p
      0.14386045             1.0000000        
    4  d
     91.11974114             0.0249778        
     26.24594492             0.1402760        
      9.20573794             0.3625175        
      3.32069345             0.4722286        
    1  d
      1.1188873              1.0000000        
    1  f
      5.44729999             1.0000000        
*
se   TZP-DKH
*
    7  s
 1685431.27012521            0.0019200        
 266562.34630843             0.0053241        
  65582.07818753             0.0139092        
  20465.14624585             0.0336025        
   7323.16994588             0.0846981        
   2704.24392067             0.2355612        
    993.08738388             0.6249847        
    2  s
     24.55339156             0.6244228        
     11.22750778             0.3755771        
    1  s
    373.11567865             1.0000000        
    1  s
    145.63559041             1.0000000        
    1  s
     51.37631704             1.0000000        
    1  s
      3.89979257             1.0000000        
    1  s
      1.66659814             1.0000000        
    1  s
      0.37133202             1.0000000        
    1  s
      0.13749933             1.0000000        
    7  p
   8846.6360627              0.0007596        
   2264.47556538             0.0033343        
    806.31901855             0.0137505        
    313.10698513             0.0544061        
    124.80120211             0.1765343        
     51.74110702             0.3701830        
     22.35933682             0.3810318        
    2  p
      4.22415016            -0.5892458        
      1.8305453             -0.4107541        
    1  p
      9.54625228             1.0000000        
    1  p
      0.65874681             1.0000000        
    1  p
      0.25855726             1.0000000        
    1  p
      0.09165027             1.0000000        
    4  d
    152.15432734             0.0137964        
     44.42146636             0.0931284        
     15.98963157             0.3170939        
      6.24229525             0.5759812        
    1  d
      2.42536692             1.0000000        
    1  d
      0.87698775             1.0000000        
    1  f
      9.93558771             1.0000000        
    1  f
      2.77256768             1.0000000        
    1  g
      7.47528684             1.0000000        
*
$end
