$basis
*
si   DZP-DKH
*
    5  s
  57033.21769392             0.0033142        
   8843.88412077             0.0140219        
   2088.57468603             0.0585035        
    598.4360825              0.2229255        
    191.07432559             0.7012346        
    2  s
      3.47202417             0.5357668        
      1.33983034             0.4642331        
    1  s
     66.41276014             1.0000000        
    1  s
     24.78817669             1.0000000        
    1  s
      9.06048206             1.0000000        
    1  s
      0.22611668             1.0000000        
    1  s
      0.09013222             1.0000000        
    6  p
    597.87121497             0.0013945        
    140.08844965             0.0109132        
     43.72342316             0.0542026        
     15.68022991             0.1778566        
      6.05325924             0.3564630        
      2.40938438             0.3991697        
    1  p
      0.97018332             1.0000000        
    1  p
      0.28836719             1.0000000        
    1  p
      0.08685517             1.0000000        
    1  d
      0.28065207             1.0000000        
*
si   TZP-DKH
*
    5  s
  90425.63194729             0.0036641        
  13923.4981189              0.0147030        
   3272.10058588             0.0579494        
    941.40996064             0.2197223        
    304.95812555             0.7039610        
    2  s
      5.20046278             0.3492738        
      2.23311879             0.6507261        
    1  s
    109.34856241             1.0000000        
    1  s
     41.38106607             1.0000000        
    1  s
     15.91806817             1.0000000        
    1  s
      1.0044599              1.0000000        
    1  s
      0.29730731             1.0000000        
    1  s
      0.10188298             1.0000000        
    6  p
    514.37681176             0.0017661        
    140.2051930              0.0106318        
     47.48042551             0.0497499        
     17.58334578             0.1655869        
      6.9619908              0.3461814        
      2.86320541             0.4260837        
    1  p
      1.20986159             1.0000000        
    1  p
      0.46011558             1.0000000        
    1  p
      0.17324322             1.0000000        
    1  p
      0.0631557              1.0000000        
    1  d
      0.1620190              1.0000000        
    1  d
      0.4605976              1.0000000        
    1  f
      0.3749920              1.0000000        
*
$end
