$basis
*
sn   DZP-DKH
*
    8  s
 4238589.38529473            0.0021979        
 673793.42495089             0.0057620        
 170097.0764782              0.0131238        
  55609.70461290             0.0265849        
  21415.49971415             0.0544851        
   8977.6637589              0.1097070        
   3782.07819166             0.2553987        
   1562.92528277             0.5327401        
    2  s
    648.12338474            -0.5627676        
    272.54080122            -0.4372323        
    2  s
     46.76879883            -0.7367795        
     22.69311379            -0.2632204        
    2  s
      9.71239974            -0.7370823        
      4.80098504            -0.2629176        
    2  s
      1.87390748             0.7304300        
      0.82932636             0.2695699        
    1  s
     94.87261510             1.0000000        
    1  s
      0.20078915             1.0000000        
    1  s
      0.07538279             1.0000000        
    7  p
  15934.47942881             0.0016271        
   3949.03996243             0.0063469        
   1382.8987827              0.0233327        
    566.21188582             0.0727218        
    244.15478655             0.2003071        
    107.89717825             0.3679727        
     48.96252198             0.3276913        
    2  p
     10.07938092             0.7303119        
      4.75501791             0.2696880        
    3  p
      2.25355772             0.6898991        
      1.01299742             0.3017230        
      0.15319025            -0.0083777        
    1  p
     21.42982885             1.0000000        
    1  p
      0.39772444             1.0000000        
    1  p
      0.05502644             1.0000000        
    6  d
    439.54036499             0.0079683        
    130.83523828             0.0549273        
     48.7864467              0.1963897        
     20.01140691             0.3698314        
      8.53464202             0.3154885        
      3.38957135             0.0553945        
    1  d
      1.34061058             1.0000000        
    1  d
      0.47738533             1.0000000        
    1  f
      1.4803000              1.0000000        
*
sn   TZP-DKH
*
    8  s
 4238589.38529473            0.0021979        
 673793.42495089             0.0057620        
 170097.0764782              0.0131238        
  55609.70461290             0.0265849        
  21415.49971415             0.0544851        
   8977.6637589              0.1097070        
   3782.07819166             0.2553987        
   1562.92528277             0.5327401        
    2  s
    648.12338474            -0.5627676        
    272.54080122            -0.4372323        
    2  s
     46.76879883            -0.7367795        
     22.69311379            -0.2632204        
    2  s
      9.71239974            -0.7370823        
      4.80098504            -0.2629176        
    2  s
      1.87390748             0.7304300        
      0.82932636             0.2695699        
    1  s
     94.87261510             1.0000000        
    1  s
      0.20078915             1.0000000        
    1  s
      0.07538279             1.0000000        
    1  s
      0.037691395            1.0000000        
    7  p
  15934.47942881             0.0016271        
   3949.03996243             0.0063469        
   1382.8987827              0.0233327        
    566.21188582             0.0727218        
    244.15478655             0.2003071        
    107.89717825             0.3679727        
     48.96252198             0.3276913        
    2  p
     10.07938092             0.7303119        
      4.75501791             0.2696880        
    3  p
      2.25355772             0.6898991        
      1.01299742             0.3017230        
      0.15319025            -0.0083777        
    1  p
     21.42982885             1.0000000        
    1  p
      0.39772444             1.0000000        
    1  p
      0.05502644             1.0000000        
    1  p
      0.02751322             1.0000000        
    6  d
    439.54036499             0.0079683        
    130.83523828             0.0549273        
     48.7864467              0.1963897        
     20.01140691             0.3698314        
      8.53464202             0.3154885        
      3.38957135             0.0553945        
    1  d
      1.34061058             1.0000000        
    1  d
      0.47738533             1.0000000        
    1  d
      0.238692665            1.0000000        
    1  f
      2.9418900              1.0000000        
    1  f
      0.9448905              1.0000000        
    1  g
      2.3025000              1.0000000        
*
$end
