$basis
*
sr   DZP-DKH
*
    8  s
 2202166.80600496            0.0017168        
 448780.72606811             0.0033932        
 140032.81276699             0.0071864        
  50340.79398131             0.0153061        
  19098.16420792             0.0367973        
   7332.10944148             0.0907276        
   2758.82083157             0.2474101        
   1042.56515337             0.5974621        
    2  s
    407.84843708            -0.5329759        
    164.08625052            -0.4670240        
    2  s
     25.69930424            -0.7734371        
     10.89346673            -0.2265628        
    2  s
      4.74641549            -0.6993818        
      1.8619092             -0.3006181        
    2  s
      1.13394619             0.0000146        
      0.26412427             0.9999853        
    1  s
     54.65664999             1.0000000        
    1  s
      0.54067548             1.0000000        
    1  s
      0.03752852             1.0000000        
    7  p
  11898.71582922             0.0008765        
   2945.67627303             0.0037081        
   1071.35493445             0.0135627        
    437.31547128             0.0494034        
    181.31852092             0.1578142        
     77.31494654             0.3534537        
     34.33125646             0.4211811        
    2  p
      6.78187489            -0.5166010        
      2.99708547            -0.4833989        
    3  p
      1.16524126             0.2449824        
      0.50869254             0.5303145        
      0.20199715             0.2247030        
    1  p
     15.52810758             1.0000000        
    1  p
      0.0211686              1.0000000        
    1  p
      0.0446713              1.0000000        
    5  d
    142.00731665             0.0161916        
     41.21237723             0.0982468        
     14.6674962              0.2794286        
      5.47304102             0.3913618        
      1.95812282             0.2147710        
    1  d
      0.3689100              1.0000000        
*
sr   TZP-DKH
*
    8  s
 3972749.1575594             0.0014475        
 629387.57724649             0.0038196        
 160641.02639354             0.0089782        
  54133.10173970             0.0178771        
  20774.61892731             0.0406596        
   8169.67344831             0.0968945        
   3215.36713876             0.2479590        
   1277.89996123             0.5823639        
    2  s
    224.01514393             0.7200528        
    100.40338075             0.2799471        
    2  s
     40.94062522            -0.4653932        
     18.64615505            -0.5346067        
    2  s
      7.34438874             0.1169754        
      3.58734019             0.8830245        
    2  s
      1.58103436            -0.0000003        
      0.78721657            -0.9999996        
    1  s
    523.07632825             1.0000000        
    1  s
      0.32024672             1.0000000        
    1  s
      0.05461593             1.0000000        
    1  s
      0.02312861             1.0000000        
    8  p
  19632.45735341             0.0004359        
   4833.71011221             0.0017318        
   1687.67584161             0.0064624        
    702.5907771              0.0212652        
    306.6120094              0.0699814        
    133.93861887             0.1950301        
     59.30687021             0.3651643        
     26.89582575             0.3399287        
    2  p
      5.51818016            -0.6051008        
      2.57075714            -0.3948991        
    2  p
      0.45231823             0.7386618        
      0.18184915             0.2613381        
    1  p
     11.89604963             1.0000000        
    1  p
      1.05030044             1.0000000        
    1  p
      0.06011733             1.0000000        
    1  p
      0.021858665            1.0000000        
    5  d
    139.23181355             0.0167753        
     40.5635436              0.1004867        
     14.47143525             0.2820676        
      5.40148217             0.3933356        
      1.93070186             0.2073346        
    1  d
      0.41534997             1.0000000        
    1  d
      0.08607999             1.0000000        
    1  f
      1.7110000              1.0000000        
*
$end
