$basis
*
tc   DZP-DKH
*
    8  s
 3139140.58329154            0.0019346        
 471413.15022019             0.0052595        
 134107.3150476              0.0098745        
  47768.66748258             0.0210094        
  19077.1843479              0.0430761        
   8079.99070544             0.0965012        
   3181.02170447             0.2556110        
   1254.46032689             0.5667332        
    2  s
    506.76289354            -0.5419916        
    208.46449746            -0.4580083        
    2  s
     34.50365584             0.7801589        
     15.3968488              0.2198410        
    2  s
      6.03229864             0.8085228        
      2.55364434             0.1914771        
    2  s
      1.00908096            -0.7756395        
      0.40046708            -0.2243604        
    1  s
     75.61155803             1.0000000        
    1  s
      0.11504476             1.0000000        
    1  s
      0.04395116             1.0000000        
    7  p
   9979.24250068             0.0016820        
   3311.96217816             0.0039631        
   1350.82336528             0.0153185        
    567.93484283             0.0514872        
    245.71245663             0.1528630        
    108.61018931             0.3472278        
     49.71906877             0.4274581        
    2  p
     10.41529855            -0.4830531        
      4.73642591            -0.5169468        
    3  p
      1.9444123              0.3047696        
      0.86834586             0.5325783        
      0.34281339             0.1626520        
    1  p
     23.51988606             1.0000000        
    1  p
      0.0425767              1.0000000        
    1  p
      0.1389033              1.0000000        
    6  d
    286.55790423             0.0081522        
     85.35792135             0.0550990        
     31.66763425             0.1906510        
     12.80454523             0.3536648        
      5.23836944             0.3202675        
      1.94981292             0.0721651        
    1  d
      0.68241228             1.0000000        
    1  d
      0.20266464             1.0000000        
    1  f
      0.6071995              1.0000000        
*
tc   TZP-DKH
*
    8  s
 3851442.12082243            0.0017364        
 601894.41062970             0.0042154        
 147396.56793651             0.0110313        
  45997.14342831             0.0248855        
  17076.26837505             0.0486906        
   7235.03572475             0.1077302        
   3114.29165127             0.2309099        
   1291.51272929             0.5708002        
    2  s
    536.49187914             0.4827614        
    228.26168657             0.5172385        
    2  s
     93.49391735            -0.1112781        
     44.7763713             -0.8887218        
    2  s
      8.13219362             0.4633429        
      3.97027924             0.5366570        
    2  s
      1.40155346             0.3267130        
      0.73624261             0.6925507        
    1  s
     21.03068506             1.0000000        
    1  s
      0.34483142             1.0000000        
    1  s
      0.08796117             1.0000000        
    1  s
      0.03305765             1.0000000        
    8  p
  21361.06367328             0.0006319        
   5210.47351838             0.0024838        
   1793.05084933             0.0092732        
    736.75031487             0.0299520        
    325.27714879             0.0897231        
    147.11397361             0.2210840        
     67.97459788             0.3610496        
     32.1692613              0.2858020        
    3  p
      1.57647869            -0.4218735        
      0.69886263            -0.4640055        
      0.28297013            -0.1141209        
    1  p
     14.85651725             1.0000000        
    1  p
      7.11403457             1.0000000        
    1  p
      3.46833982             1.0000000        
    1  p
      0.1347980              1.0000000        
    6  d
    447.75453162             0.0033763        
    131.59052776             0.0277648        
     48.70862067             0.1086074        
     20.11979669             0.2743508        
      8.6540380              0.3650335        
      3.7602712              0.2208671        
    1  d
      1.42954012             1.0000000        
    1  d
      0.51671554             1.0000000        
    1  d
      0.16215083             1.0000000        
    1  f
      1.28270863             1.0000000        
    1  f
      0.36762817             1.0000000        
    1  g
      0.93323847             1.0000000        
*
$end
