$basis
*
te   DZP-DKH
*
    8  s
 4650601.62944046           -0.0023907        
 732410.37796376            -0.0062175        
 183587.78336399            -0.0141861        
  60119.30754396            -0.0284166        
  23190.68448638            -0.0568049        
   9737.01632783            -0.1140856        
   4166.07002735            -0.2523592        
   1748.29117439            -0.5255389        
    2  s
    729.63641733            -0.5504144        
    307.46500803            -0.4495855        
    2  s
     55.97521174            -0.6766914        
     27.54602392            -0.3233085        
    2  s
     11.33873168            -0.6699929        
      5.70208693            -0.3300070        
    2  s
      2.22186025             0.6845782        
      1.0266713              0.3154217        
    1  s
    110.73724148             1.0000000        
    1  s
      0.27246346             1.0000000        
    1  s
      0.10489073             1.0000000        
    7  p
   8289.94492999             0.0035423        
   4521.61764712             0.0029522        
   1585.75140286             0.0242275        
    654.35415772             0.0661249        
    283.7621631              0.1913404        
    125.50601977             0.3619133        
     56.92437628             0.3498991        
    2  p
     11.96243933            -0.6989548        
      5.74608357            -0.3010451        
    3  p
      2.71079969             0.6346880        
      1.23555585             0.3005980        
      0.47667416             0.0647139        
    1  p
     25.23465437             1.0000000        
    1  p
      0.19817871             1.0000000        
    1  p
      0.07356233             1.0000000        
    6  d
    519.00405018             0.0070604        
    155.37108353             0.0489591        
     58.31953191             0.1807279        
     24.1103958              0.3607853        
     10.36130878             0.3344266        
      4.22870886             0.0680406        
    1  d
      1.72518271             1.0000000        
    1  d
      0.63881217             1.0000000        
    1  f
      1.9721100              1.0000000        
*
te   TZP-DKH
*
    8  s
 4650601.62944046           -0.0023907        
 732410.37796376            -0.0062175        
 183587.78336399            -0.0141861        
  60119.30754396            -0.0284166        
  23190.68448638            -0.0568049        
   9737.01632783            -0.1140856        
   4166.07002735            -0.2523592        
   1748.29117439            -0.5255389        
    2  s
    729.63641733            -0.5504144        
    307.46500803            -0.4495855        
    2  s
     55.97521174            -0.6766914        
     27.54602392            -0.3233085        
    2  s
     11.33873168            -0.6699929        
      5.70208693            -0.3300070        
    2  s
      2.22186025             0.6845782        
      1.0266713              0.3154217        
    1  s
    110.73724148             1.0000000        
    1  s
      0.27246346             1.0000000        
    1  s
      0.10489073             1.0000000        
    1  s
      0.052445365            1.0000000        
    7  p
   8289.94492999             0.0035423        
   4521.61764712             0.0029522        
   1585.75140286             0.0242275        
    654.35415772             0.0661249        
    283.7621631              0.1913404        
    125.50601977             0.3619133        
     56.92437628             0.3498991        
    2  p
     11.96243933            -0.6989548        
      5.74608357            -0.3010451        
    3  p
      2.71079969             0.6346880        
      1.23555585             0.3005980        
      0.47667416             0.0647139        
    1  p
     25.23465437             1.0000000        
    1  p
      0.19817871             1.0000000        
    1  p
      0.07356233             1.0000000        
    1  p
      0.036781165            1.0000000        
    6  d
    519.00405018             0.0070604        
    155.37108353             0.0489591        
     58.31953191             0.1807279        
     24.1103958              0.3607853        
     10.36130878             0.3344266        
      4.22870886             0.0680406        
    1  d
      1.72518271             1.0000000        
    1  d
      0.63881217             1.0000000        
    1  d
      0.319406085            1.0000000        
    1  f
      3.5301500              1.0000000        
    1  f
      1.1549950              1.0000000        
    1  g
      2.7535500              1.0000000        
*
$end
