$basis
*
ti   DZP-DKH
*
    6  s
 385301.69222246             0.0020381        
  59323.92771892             0.0066003        
  14064.84349879             0.0212953        
   4078.78819893             0.0698885        
   1301.34456649             0.2323136        
    444.0283981              0.6678638        
    2  s
     10.45013887             0.5249517        
      4.50423795             0.4750482        
    2  s
      1.32354166            -0.4894263        
      0.5377499             -0.5105736        
    1  s
    162.58867802             1.0000000        
    1  s
     63.56739958             1.0000000        
    1  s
     24.82100087             1.0000000        
    1  s
      0.08137562             1.0000000        
    1  s
      0.04115116             1.0000000        
    7  p
   2559.05926884             0.0007604        
    610.20486959             0.0051096        
    196.91625188             0.0256726        
     73.26951196             0.0947175        
     29.64909197             0.2415604        
     12.56236395             0.3769261        
      5.4875197              0.2552531        
    1  p
      3.1047353              1.0000000        
    1  p
      2.16766734             1.0000000        
    1  p
      0.88630992             1.0000000        
    1  p
      0.34224764             1.0000000        
    1  p
      0.08559594             1.0000000        
    4  d
     23.31288302             0.0264838        
      6.28634039             0.1372048        
      2.05836409             0.3500023        
      0.68233509             0.4863089        
    1  d
      0.20474386             1.0000000        
    1  f
      0.5744190              1.0000000        
*
ti   TZP-DKH
*
    7  s
 646272.54553265             0.0010200        
  97343.3308770              0.0032880        
  22968.17268697             0.0096492        
   7176.04654679             0.0260294        
   2544.45710412             0.0772139        
    902.16205812             0.2435044        
    325.14411596             0.6392948        
    2  s
      6.64956473             0.7870712        
      2.98094682             0.2129287        
    1  s
    123.23033275             1.0000000        
    1  s
     48.7107942              1.0000000        
    1  s
     14.66061377             1.0000000        
    1  s
      1.14241496             1.0000000        
    1  s
      0.46857899             1.0000000        
    1  s
      0.0906186              1.0000000        
    1  s
      0.03445845             1.0000000        
    5  p
   3248.36091157             0.0024376        
    816.32685098             0.0139587        
    289.50230702             0.0596981        
    115.61204698             0.2255867        
     47.48969917             0.6983185        
    2  p
     20.02919803             0.4648973        
      8.72643217             0.5351026        
    3  p
      1.67787534             0.4393253        
      0.71101331             0.4392205        
      0.28476984             0.1214540        
    1  p
      3.88827249             1.0000000        
    1  p
      0.52792995             1.0000000        
    1  p
      0.08493546             1.0000000        
    4  d
     35.56176533             0.0181232        
     10.01786172             0.1034644        
      3.43558914             0.3205260        
      1.26885915             0.5578863        
    1  d
      0.46038122             1.0000000        
    1  d
      0.15351032             1.0000000        
    1  f
      1.31180586             1.0000000        
    1  f
      0.28660164             1.0000000        
    1  g
      0.41782879             1.0000000        
*
$end
