$basis
*
v   DZP-DKH
*
    6  s
 300243.5282168              0.0021369        
  45865.36098526             0.0071723        
  10717.01930773             0.0241312        
   3097.70895578             0.0795704        
   1013.27602577             0.2480509        
    360.63861931             0.6389380        
    2  s
      8.12492165             0.7078754        
      3.78649374             0.2921245        
    2  s
      1.38924563            -0.5751649        
      0.56410864            -0.4248350        
    1  s
    137.43640138             1.0000000        
    1  s
     54.75078905             1.0000000        
    1  s
     17.23458694             1.0000000        
    1  s
      0.09015635             1.0000000        
    1  s
      0.04389994             1.0000000        
    4  p
   2305.79869609             0.0064858        
    549.29504282             0.0438268        
    177.64297522             0.2138278        
     66.76800057             0.7358593        
    2  p
     27.44610493             0.4267984        
     11.89730461             0.5732015        
    3  p
      2.2151851              0.4299665        
      0.92000779             0.4312058        
      0.36090735             0.1388275        
    1  p
      5.3427376              1.0000000        
    1  p
      2.0287000              1.0000000        
    1  p
      0.1056510              1.0000000        
    4  d
     27.21846737             0.0265649        
      7.41444401             0.1387599        
      2.45041106             0.3528752        
      0.82085251             0.4817998        
    1  d
      0.24846171             1.0000000        
    1  f
      0.85941251             1.0000000        
*
v   TZP-DKH
*
    5  s
 382796.5443753              0.0084747        
  59594.4486003              0.0270600        
  14466.99258819             0.0824360        
   4581.00102074             0.2267519        
   1658.33170955             0.6552772        
    2  s
    612.5470466              0.3115965        
    231.90521916             0.6884034        
    2  s
     93.04133845             0.6834104        
     39.58972598             0.3165895        
    2  s
      1.85860318             0.3217281        
      0.89729298             0.6782718        
    1  s
     13.65265007             1.0000000        
    1  s
      5.81532637             1.0000000        
    1  s
      0.39449284             1.0000000        
    1  s
      0.10161519             1.0000000        
    1  s
      0.03690766             1.0000000        
    5  p
   3273.03183542             0.0026798        
    808.43188145             0.0158803        
    283.72213742             0.0667138        
    115.75624011             0.2343637        
     49.08382545             0.6803622        
    2  p
     21.18405615             0.4778736        
      9.39221356             0.5221263        
    3  p
      1.86413842             0.4241129        
      0.79866128             0.4471729        
      0.32150583             0.1287141        
    1  p
      4.23078847             1.0000000        
    1  p
      0.10355646             1.0000000        
    1  p
      0.03402692             1.0000000        
    4  d
     41.34893968             0.0179316        
     11.71269791             0.1041043        
      4.04341124             0.3226247        
      1.5052845              0.5553393        
    1  d
      0.55113758             1.0000000        
    1  d
      0.1852745              1.0000000        
    1  f
      1.83294725             1.0000000        
    1  f
      0.4100393              1.0000000        
    1  g
      0.6523293              1.0000000        
*
$end
