$basis
*
xe   DZP-DKH
*
    8  s
 5300603.6455303             0.0024061        
 830291.96023362             0.0064271        
 204622.59537664             0.0145828        
  65467.65670800             0.0298412        
  24638.35965707             0.0610773        
  10166.6217443              0.1186330        
   4378.44248334             0.2557231        
   1872.44267126             0.5113090        
    2  s
    791.67226166            -0.5495208        
    335.97247692            -0.4504791        
    2  s
     62.71741001            -0.6606470        
     30.8580286             -0.3393529        
    2  s
     12.5844189             -0.6679592        
      6.37253749            -0.3320407        
    2  s
      2.52103894             0.6928658        
      1.19813268             0.3071341        
    1  s
    123.77865014             1.0000000        
    1  s
      0.35467594             1.0000000        
    1  s
      0.13770054             1.0000000        
    7  p
  19789.21536178             0.0017567        
   4884.3186152              0.0065162        
   1716.21072091             0.0227179        
    717.46791924             0.0670012        
    315.32662293             0.1848753        
    140.29749882             0.3603001        
     63.76419492             0.3568321        
    2  p
     13.53639555            -0.6944550        
      6.53430209            -0.3055449        
    3  p
      3.09312426             0.6533198        
      1.44315313             0.2884794        
      0.57854424             0.0582007        
    1  p
     28.46523338             1.0000000        
    1  p
      0.24632510             1.0000000        
    1  p
      0.09406752             1.0000000        
    6  d
    562.16186208             0.0074019        
    166.96897515             0.0517497        
     62.58995927             0.1884608        
     26.06667973             0.3652916        
     11.40476322             0.3241532        
      4.80680923             0.0629424        
    1  d
      2.02133549             1.0000000        
    1  d
      0.77586645             1.0000000        
    1  f
      2.37949999             1.0000000        
*
xe   TZP-DKH
*
    8  s
 5300603.6455303             0.0024061        
 830291.96023362             0.0064271        
 204622.59537664             0.0145828        
  65467.65670800             0.0298412        
  24638.35965707             0.0610773        
  10166.6217443              0.1186330        
   4378.44248334             0.2557231        
   1872.44267126             0.5113090        
    2  s
    791.67226166            -0.5495208        
    335.97247692            -0.4504791        
    2  s
     62.71741001            -0.6606470        
     30.8580286             -0.3393529        
    2  s
     12.5844189             -0.6679592        
      6.37253749            -0.3320407        
    2  s
      2.52103894             0.6928658        
      1.19813268             0.3071341        
    1  s
    123.77865014             1.0000000        
    1  s
      0.35467594             1.0000000        
    1  s
      0.13770054             1.0000000        
    1  s
      0.06885027             1.0000000        
    7  p
  19789.21536178             0.0017567        
   4884.3186152              0.0065162        
   1716.21072091             0.0227179        
    717.46791924             0.0670012        
    315.32662293             0.1848753        
    140.29749882             0.3603001        
     63.76419492             0.3568321        
    2  p
     13.53639555            -0.6944550        
      6.53430209            -0.3055449        
    3  p
      3.09312426             0.6533198        
      1.44315313             0.2884794        
      0.57854424             0.0582007        
    1  p
     28.46523338             1.0000000        
    1  p
      0.24632510             1.0000000        
    1  p
      0.09406752             1.0000000        
    1  p
      0.04703376             1.0000000        
    6  d
    562.16186208             0.0074019        
    166.96897515             0.0517497        
     62.58995927             0.1884608        
     26.06667973             0.3652916        
     11.40476322             0.3241532        
      4.80680923             0.0629424        
    1  d
      2.02133549             1.0000000        
    1  d
      0.77586645             1.0000000        
    1  d
      0.387933225            1.0000000        
    1  f
      4.02822969             1.0000000        
    1  f
      1.305589995            1.0000000        
    1  g
      3.24381999             1.0000000        
*
$end
