$basis
*
y   TZP-DKH
*
    8  s
 1019175.12509795            0.0036935        
 449419.57471123             0.0000008        
 171662.92336576             0.0089323        
  49796.09122083             0.0198240        
  18571.01802747             0.0377646        
   7548.77745734             0.0976242        
   2956.39441551             0.2349465        
   1159.86176886             0.5972136        
    2  s
    471.31479083             0.4584111        
    198.74604315             0.5415888        
    2  s
     82.44995766             0.0554341        
     36.54860632             0.9445658        
    3  s
      1.01410404            -0.3576431        
      0.44515089            -0.5858750        
      0.21081378            -0.0564818        
    1  s
     16.610564860            1.0000000        
    1  s
      5.971815267            1.0000000        
    1  s
      2.743571223            1.0000000        
    1  s
      0.070113149            1.0000000        
    1  s
      0.034266669            1.0000000        
    8  p
   9031.45944088             0.0011448        
   4471.04703408             0.0007117        
   1874.42420938             0.0065522        
    745.49099243             0.0227906        
    311.19993392             0.0770135        
    137.08591075             0.1972437        
     62.73510671             0.3556031        
     29.21172048             0.3389401        
    2  p
      6.13544216            -0.5904737        
      2.83689096            -0.4095262        
    2  p
      1.10943942             0.4376510        
      0.4822393              0.5623489        
    1  p
     13.308991139            1.0000000        
    1  p
      0.193122746            1.0000000        
    1  p
      0.0691176865           1.0000000        
    6  d
    314.43310616             0.0040955        
     95.50620165             0.0288723        
     36.48562082             0.1106858        
     15.41021541             0.2556546        
      6.66143673             0.3521834        
      2.83621372             0.2485082        
    1  d
      1.064728901            1.0000000        
    1  d
      0.383514444            1.0000000        
    1  d
      0.120179497            1.0000000        
    1  f
      0.5242900              1.0000000        
    1  f
      0.1439650              1.0000000        
    1  g
      0.2036100              1.0000000        
*
$end
