$basis
*
zn   DZP-DKH
*
    6  s
 373543.86255941             0.0027349        
  56727.57997819             0.0089052        
  13081.12588764             0.0292345        
   3727.98735975             0.0923461        
   1216.59937055             0.2694773        
    440.73888329             0.5973018        
    2  s
    174.73329022            -0.6563388        
     74.15647022            -0.3436611        
    2  s
      1.84961148            -0.7280525        
      0.81427863            -0.2719474        
    1  s
     25.38969133             1.0000000        
    1  s
     11.07141354             1.0000000        
    1  s
      3.82890916             1.0000000        
    1  s
      0.15111613             1.0000000        
    1  s
      0.05589292             1.0000000        
    4  p
   4527.80074425             0.0082211        
   1099.50095028             0.0461656        
    366.25802877             0.2163131        
    141.17061157             0.7293000        
    2  p
     58.80659616             0.4104395        
     25.59664299             0.5895604        
    3  p
      4.68101497             0.3573348        
      1.92238841             0.4710830        
      0.73612619             0.1715820        
    1  p
     11.45429373             1.0000000        
    1  p
      0.2143200              1.0000000        
    1  p
      0.0551800              1.0000000        
    4  d
     55.87645811             0.0288963        
     15.69118013             0.1530305        
      5.2910676              0.3646647        
      1.7671959              0.4534083        
    1  d
      0.51172438             1.0000000        
    1  f
      3.13654236             1.0000000        
*
zn   TZP-DKH
*
    6  s
 632269.42234494             0.0032296        
  97330.39213669             0.0098450        
  23229.36397788             0.0290397        
   6954.81046053             0.0828737        
   2345.15364221             0.2400656        
    845.83553843             0.6349460        
    2  s
    131.33289185             0.7756313        
     55.53933652             0.2243686        
    2  s
      3.26289021            -0.4437285        
      1.48120849            -0.5562714        
    1  s
    323.52764293             1.0000000        
    1  s
     22.53801532             1.0000000        
    1  s
      9.93529165             1.0000000        
    1  s
      0.66767333             1.0000000        
    1  s
      0.1491595              1.0000000        
    1  s
      0.05038198             1.0000000        
    5  p
   7605.80726948             0.0027511        
   1880.87976786             0.0138553        
    644.74368016             0.0599172        
    252.82500109             0.2283123        
    105.07693481             0.6951638        
    2  p
     45.4277273              0.4541187        
     20.31898926             0.5458812        
    3  p
      4.00257206             0.4155701        
      1.68190398             0.4476348        
      0.66116514             0.1367949        
    1  p
      9.28757291             1.0000000        
    1  p
      0.15416514             1.0000000        
    1  p
      0.04296514             1.0000000        
    4  d
     81.07284805             0.0197361        
     23.52503027             0.1162892        
      8.37197053             0.3379657        
      3.1540487              0.5260089        
    1  d
      1.1394891              1.0000000        
    1  d
      0.36653517             1.0000000        
    1  f
      6.01613512             1.0000000        
    1  f
      1.54356517             1.0000000        
    1  g
      4.4096349              1.0000000        
*
$end
