$basis
*
zr   DZP-DKH
*
    8  s
 2781833.7947053             0.0018358        
 521679.34119767             0.0030487        
 232681.77811491             0.0052634        
  84513.10458904             0.0114081        
  29766.90252877             0.0342103        
  10124.32159146             0.0881896        
   3460.3699189              0.2505825        
   1252.98274981             0.6054613        
    2  s
    481.43559062             0.5217763        
    193.90606984             0.4782236        
    2  s
     34.55236991             0.6552832        
     15.72702912             0.3447167        
    2  s
      6.01921411            -0.5657201        
      2.73304983            -0.4342798        
    2  s
      0.88207095             0.5300357        
      0.3825738              0.4699642        
    1  s
     69.95003434             1.0000000        
    1  s
      0.13288936             1.0000000        
    1  s
      0.03858854             1.0000000        
    7  p
  17433.18339499             0.0006543        
   4092.13852623             0.0029935        
   1287.90645575             0.0139507        
    470.78808171             0.0547189        
    188.77750638             0.1703368        
     80.0975033              0.3625743        
     35.70749649             0.3947713        
    2  p
      7.47181964            -0.5719392        
      3.45589878            -0.4280607        
    3  p
      1.43859577             0.3548300        
      0.62829833             0.4761975        
      0.24642987             0.1689723        
    1  p
     16.30509695             1.0000000        
    1  p
      1.55834023             1.0000000        
    1  p
      0.0870395              1.0000000        
    6  d
    478.61550846             0.0024038        
    116.66667146             0.0253328        
     40.39157075             0.1133527        
     15.90768908             0.2802138        
      6.44422978             0.3719735        
      2.56789898             0.2067232        
    1  d
      0.72924748             1.0000000        
    1  d
      0.20333759             1.0000000        
    1  f
      0.3338870              1.0000000        
*
zr   TZP-DKH
*
    8  s
 2881766.00843883            0.0017273        
 459259.50306019             0.0046129        
 115812.49914978             0.0108833        
  38409.93674702             0.0232174        
  15094.96121921             0.0458878        
   6324.72914276             0.1099026        
   2701.92719494             0.2322824        
   1140.16705548             0.5714857        
    2  s
    475.25432728             0.4739439        
    199.72185141             0.5260560        
    2  s
     79.40724166             0.1009867        
     37.59776366             0.8990132        
    2  s
      6.73358822            -0.4624272        
      3.17684312            -0.5375727        
    2  s
      1.11296173            -0.2424423        
      0.55165529            -0.7575576        
    1  s
     17.45622572             1.0000000        
    1  s
      0.27156947             1.0000000        
    1  s
      0.07556233             1.0000000        
    1  s
      0.02920028             1.0000000        
    8  p
  24663.76699452             0.0004178        
   5922.66530443             0.0016399        
   2038.48063845             0.0060013        
    848.76029892             0.0193810        
    368.40572403             0.0653768        
    159.18932911             0.1878356        
     69.92875282             0.3645530        
     31.59687339             0.3547939        
    2  p
      6.56958849            -0.6043800        
      3.09912584            -0.3956199        
    2  p
      0.57150585             0.7651727        
      0.23089432             0.2348272        
    1  p
     14.06096181             1.0000000        
    1  p
      1.30213681             1.0000000        
    1  p
      0.06604994             1.0000000        
    6  d
    359.92567155             0.0036578        
    103.79793357             0.0294901        
     37.37929762             0.1247078        
     15.0321095              0.2854872        
      6.3550516              0.3521629        
      2.72752584             0.2044940        
    1  d
      1.02730802             1.0000000        
    1  d
      0.37303308             1.0000000        
    1  d
      0.12262696             1.0000000        
    1  f
      0.68258997             1.0000000        
    1  f
      0.1856970              1.0000000        
    1  g
      0.2982622              1.0000000        
*
$end
